0.08649661732753693
0.09457958738893117
0.09635791028135295
0.09800907213948933
0.10039309910735421
0.09271431642304845
0.09955166400925827
0.09400170032178903
0.10124274074976741
0.09854954430517118
0.09481137278769851
0.10351050731328718
0.08942627368402899
0.09812423202426164
0.09314866566689053
0.09696761083030511
0.09899993064165158
0.09437247842976464
0.0930162628003508
0.09335921466150421
0.09271379439468584
0.08734238624128209
0.09252099073321264
0.10056311405345646
0.09410938106172213
0.09150063830641664
0.09274932561324362
0.09569421571071841
0.09409262616162152
0.09398414762847022
0.09025371411367267
0.08857204558365742
0.09561008537092705
0.09142652252219938
0.0941562454665189
0.09459561792558871
0.09321901927785814
0.0908385286808681
0.10098712750693256
0.09484630958960455
0.09330190471383722
0.0910494848801642
0.0920682294841881
0.09650790525471914
0.09589161084414202
0.09292584634355955
0.09102101721009723
0.0973302274054675
0.08958441674441601
0.09255336231392314
0.08978811675067608
0.09034860709137878
0.09064122488438452
0.09177076512952094
0.08920494915806007
0.09424838479728603
0.08847767856693836
0.08912497782930892
0.09531322413308146
0.09343143128349074
0.09173153802343427
0.09070092517233948
0.09298400635985268
0.09572484852743143
0.09336953498817087
0.09091250957054026
0.100283616809839
0.09209181644487044
0.09757674261230596
0.09346643572774838
0.09331307729851882
0.09691509071457338
0.09672578278525995
0.09078017619449273
0.09324407646807026
0.094679064098906
0.09196829089241947
0.09773158313543394
0.09273670070497914
0.09821544936125051
0.09928360227779759
0.09485627591563443
0.09751499958950657
0.09867966956308848
0.09612389018112501
0.0877716352378156
0.09596162948567773
0.09286082861174079
0.0958190834176807
0.09168795329590614
0.09517656660554323
0.0939250285195526
0.08965428923273981
0.09189149742501078
0.094117272630995
0.09152161068235982
0.09049974813504237
0.09153578441790478
0.09259421416637054
0.09385831654221218
