0.0
0.05638133682792517
0.05223234309131574
0.0
0.0
0.0
0.0519681333790639
0.0
0.0
0.0
0.05280891782826791
0.0544536021926434
0.0
0.0
0.0
0.0
0.0
0.0
0.0
0.05784223959489655
0.0
0.0
0.0
0.0
0.0
0.0
0.0
0.0
0.0
0.0
0.0
0.05060746089143908
0.06666607399684489
0.0640820891950928
0.0
0.05673651955402602
0.0
0.0
0.0
0.0
0.0
0.0
0.0
0.0
0.0
0.0
0.0
0.0
0.0
0.0
0.0
0.0
0.0
0.0
0.0
0.0
0.0
0.0
0.0
0.0
0.0
0.0
0.07737270991584964
0.0
0.0
0.0
0.0
0.07427884156340388
0.0
0.0
0.0
0.0
0.0
0.060782395059924256
0.0
0.0
0.0
0.06161321292323566
0.0
0.0
0.0
0.05294358446139968
0.056558512284272645
0.0
0.050931997513210765
0.0
0.0
0.0
0.0
0.0
0.0
0.055237887919342435
0.0
0.0
0.0501530592665504
0.0
0.06979487251513294
0.06872916749485586
0.05282027285890351
0.0
