0.08525482241535243
0.08691068890522873
0.08773632042576679
0.08865568653343185
0.0900834286757032
0.0885669127348757
0.09215876962181285
0.09101116551932728
0.08784407685918462
0.09120399021759987
0.09128276245808332
0.08513692546769441
0.09055996076325248
0.08458451670191346
0.08883708271068941
0.0844427418362962
0.08820048606701943
0.08874855506019863
0.09274662186886251
0.08662075590613605
0.08292341552222131
0.09366171464979729
0.08426195928971106
0.08902854380769805
0.0870241215387452
0.09149687315408013
0.09203624905417236
0.09716620043488411
0.08832389366925646
0.08940573003611735
0.08711843320948869
0.0880916497391639
0.08679927199216868
0.09012165000481623
0.09246453066392143
0.08989894001955342
0.08901161846902521
0.08755539167300211
0.08901653850876629
0.08820991025548254
0.08804407228672309
0.09250236810562139
0.08872301912432926
0.08372141482962499
0.08798024601173197
0.09183062981548856
0.09352746015629064
0.08769183426218245
0.09089131818450563
0.0861134976132123
0.0905247083649837
0.0871075375488342
0.087525695963317
0.09632545819674426
0.08467493332166354
0.08752775357833757
0.09200186883874932
0.0944116400307138
0.086821717765412
0.09737051727958033
0.09057298723667634
0.09155015892734565
0.08655004613051327
0.08462998885652118
0.08790563648345058
0.09681632989841121
0.08598348938149739
0.08719701393736261
0.09540235710043202
0.0851033340535459
0.09060209880376652
0.08777783110023009
0.09277682442182303
0.09619016455966903
0.08660357833998668
0.08650563175734237
0.0901093528942182
0.08812706558424963
0.08846828091361024
0.08656095831630985
0.09057039370168216
0.08762974068968556
0.08726541058649126
0.0874677931292956
0.09501540222737184
0.08875623046190045
0.08810931353833383
0.08859297815596893
0.08927195124173137
0.09760864127081123
0.09382324473734668
0.09062104338016333
0.08509016472450733
0.0902586942020185
0.08838524557742918
0.09304303934973314
0.0863419218947248
0.0900891831704581
0.08895127095853579
0.08852986545062375
