0.13769946004192132
0.13710716180711224
0.13698802059195175
0.13853854807596616
0.13678403576598286
0.13901597547964728
0.13741859682525698
0.13854306933884636
0.13754104457695884
0.13698967143923335
0.13893359827242138
0.13794245227784738
0.13657658938015368
0.13647761295377808
0.13844670160088077
0.13640543407334896
0.13782508462886442
0.13656769803640137
0.13736540408128364
0.13708171278515677
0.13730870238240936
0.1374226394728824
0.1378274743116641
0.13786412479457222
0.1391845144127784
0.13726335560594688
0.13546733192284385
0.13822887532687309
0.13965218174646768
0.13633890103758162
0.13679973193993367
0.13721354469262598
0.1365536855323851
0.13598607165746282
0.1384249771296767
0.13855946885113857
0.14066324904475
0.13738480913205264
0.1386818196567229
0.13830215570107107
0.137327331887766
0.13741709748714623
0.1388510410386223
0.1380140391125439
0.1395700918314469
0.1384286222433385
0.13723191223464543
0.1376314045565825
0.13812314441554485
0.13729716220297292
0.13731956295640327
0.13757639515374137
0.13648151592209146
0.13739434778310916
0.1385361320352968
0.137168802603534
0.13693620202909834
0.13745748775149771
0.13742447904630067
0.13648597125248743
0.1363629296697852
0.1359584157217516
0.1367166339119197
0.13730132760522684
0.13606505508853473
0.1377380711229349
0.1389301229284697
0.13762383549830584
0.13778524816007096
0.13643093282690635
0.137540959878807
0.13963026692623487
0.1366193864465371
0.13807485392377358
0.13709132727224482
0.1370060339943423
0.1365600160863546
0.1369313677108742
0.13799501073445367
0.13732954766552005
0.138054432481579
0.13586721824866368
0.1365239319773191
0.13696873131663134
0.13802952984473085
0.1369565855817386
0.1361075249336085
0.13638922711311446
0.1367329579242285
0.13760668128375353
0.13735266030533247
0.13667004838500918
0.1369812681749339
0.13576357522747987
0.1394363288551476
0.13708154610400963
0.1373226181102109
0.137580454159565
0.1364265670504712
0.13856444285440744
