0.0
0.13599951803775098
0.11499402223151697
0.0
0.07305156254354223
0.05836811840781269
0.0
0.0
0.08822347943448616
0.0
0.0
0.05390298322687785
0.05945597315049563
0.0
0.0
0.08029197823970877
0.0
0.0
0.0
0.0
0.07235425117762681
0.0
0.0
0.0
0.0
0.0
0.0
0.17069474319908162
0.0
0.09104407046248619
0.0
0.10139899212364492
0.06198919267599744
0.07332073520392847
0.07678207771501863
0.07535261283798847
0.08284560701459366
0.06526460233170367
0.05994669968995448
0.05253651797841237
0.0
0.0
0.0
0.0
0.05235586783338643
0.0
0.05016434747715479
0.0
0.0
0.08190287884590153
0.0
0.051482481893933216
0.0
0.05121143236504333
0.0
0.08442017232273774
0.0
0.0
0.0
0.0
0.0973608894236777
0.14396930333312916
0.0
0.09678045577585824
0.0
0.10335601105928537
0.0
0.0
0.0
0.08682736712757987
0.0
0.0
0.0787421952102864
0.1283100837278677
0.10455502922365441
0.07310931930852874
0.07348405481592687
0.0743140954620631
0.0
0.0
0.0881866095158582
0.0
0.057364076338997434
0.0
0.0
0.05279812656884563
0.10880884491282956
0.0
0.0
0.06561374214725128
0.0
0.0511871200138773
0.062391315096696265
0.052832305645429525
0.06287809214255027
0.08706822877747085
0.0
0.08229762784795044
0.05551816501922416
0.09582085083492155
