[input_vals] [-1.4625, -0.098 , -0.2677,  1.4687,  1.7279,  0.    ,  0.    ,  0.3665,  0.95  ]
[output] 0.1049290780920984
[input_vals] [-1.4571,  0.03  , -0.3503,  1.4839,  1.7279,  0.    ,  0.    ,  0.3665,  0.95  ]
[output] 0.17682579070716384
[input_vals] [-1.4374,  0.0382, -0.1889,  1.4138,  1.7279,  0.    ,  0.    ,  0.3665,  0.95  ]
[output] 0.1078076472270038
[input_vals] [-1.4534, -0.0016, -0.2031,  1.3668,  1.7279,  0.    ,  0.    ,  0.3665,  0.95  ]
[output] 0.057198926455118496
[input_vals] [-1.4087,  0.0073, -0.3458,  1.4251,  1.7279,  0.    ,  0.    ,  0.3665,  0.95  ]
[output] 0.17339620127783775
[input_vals] [-1.5197, -0.0723, -0.2513,  1.4688,  1.7279,  0.    ,  0.    ,  0.3665,  0.95  ]
[output] 0.06499651891587725
[input_vals] [-1.4557, -0.0791, -0.1792,  1.4633,  1.7279,  0.    ,  0.    ,  0.3665,  0.95  ]
[output] 0.11344446007203439
[input_vals] [-1.5552,  0.0192, -0.3571,  1.3234,  1.7279,  0.    ,  0.    ,  0.3665,  0.95  ]
[output] 0.09600005945613718
[input_vals] [-1.524 , -0.077 , -0.206 ,  1.4551,  1.7279,  0.    ,  0.    ,  0.3665,  0.95  ]
[output] 0.0779412429341639
[input_vals] [-1.4191,  0.0405, -0.2744,  1.3153,  1.7279,  0.    ,  0.    ,  0.3665,  0.95  ]
[output] 0.07080592750935914
[input_vals] [-1.5002, -0.023 , -0.1726,  1.4069,  1.7279,  0.    ,  0.    ,  0.3665,  0.95  ]
[output] 0.06604013274196588
[input_vals] [-1.4377,  0.0317, -0.3151,  1.4934,  1.7279,  0.    ,  0.    ,  0.3665,  0.95  ]
[output] 0.2124566598815694
[input_vals] [-1.5569, -0.0941, -0.3175,  1.3331,  1.7279,  0.    ,  0.    ,  0.3665,  0.95  ]
[output] 0.13043627774622243
[input_vals] [-1.4988, -0.0174, -0.3378,  1.3278,  1.7279,  0.    ,  0.    ,  0.3665,  0.95  ]
[output] 0.06190123596973628
[input_vals] [-1.589 ,  0.0145, -0.1981,  1.4608,  1.7279,  0.    ,  0.    ,  0.3665,  0.95  ]
[output] 0.0687540423559236
[input_vals] [-1.4815,  0.0853, -0.2867,  1.4981,  1.7279,  0.    ,  0.    ,  0.3665,  0.95  ]
[output] 0.17476767593321454
[input_vals] [-1.5003, -0.0612, -0.2897,  1.3704,  1.7279,  0.    ,  0.    ,  0.3665,  0.95  ]
[output] 0.06781037187828659
[input_vals] [-1.5751,  0.0871, -0.2854,  1.314 ,  1.7279,  0.    ,  0.    ,  0.3665,  0.95  ]
[output] 0.10618120513745313
[input_vals] [-1.5651, -0.0521, -0.2312,  1.5084,  1.7279,  0.    ,  0.    ,  0.3665,  0.95  ]
[output] 0.06204500183925579
[input_vals] [-1.588 , -0.0697, -0.2989,  1.3316,  1.7279,  0.    ,  0.    ,  0.3665,  0.95  ]
[output] 0.14797647111076173
[input_vals] [-1.4946,  0.0698, -0.2534,  1.4001,  1.7279,  0.    ,  0.    ,  0.3665,  0.95  ]
[output] 0.06749795533793396
[input_vals] [-1.5103, -0.0109, -0.2566,  1.4735,  1.7279,  0.    ,  0.    ,  0.3665,  0.95  ]
[output] 0.06639158026334263
[input_vals] [-1.5292, -0.0006, -0.2874,  1.3807,  1.7279,  0.    ,  0.    ,  0.3665,  0.95  ]
[output] 0.05827488351060953
[input_vals] [-1.5   , -0.0802, -0.3197,  1.404 ,  1.7279,  0.    ,  0.    ,  0.3665,  0.95  ]
[output] 0.0590166166104242
[input_vals] [-1.5784, -0.0202, -0.2581,  1.5098,  1.7279,  0.    ,  0.    ,  0.3665,  0.95  ]
[output] 0.05087728136297537
[input_vals] [-1.5502, -0.0447, -0.3426,  1.4696,  1.7279,  0.    ,  0.    ,  0.3665,  0.95  ]
[output] 0.04957145989032778
[input_vals] [-1.5449, -0.0247, -0.2112,  1.5002,  1.7279,  0.    ,  0.    ,  0.3665,  0.95  ]
[output] 0.058077666902695946
[input_vals] [-1.5479, -0.0848, -0.2623,  1.3217,  1.7279,  0.    ,  0.    ,  0.3665,  0.95  ]
[output] 0.136996801903126
[input_vals] [-1.4194,  0.0124, -0.2267,  1.3404,  1.7279,  0.    ,  0.    ,  0.3665,  0.95  ]
[output] 0.06875992910474465
[input_vals] [-1.5354, -0.0217, -0.2322,  1.3547,  1.7279,  0.    ,  0.    ,  0.3665,  0.95  ]
[output] 0.09001245465680374
[input_vals] [-1.5978,  0.0188, -0.3092,  1.3686,  1.7279,  0.    ,  0.    ,  0.3665,  0.95  ]
[output] 0.10469321828050558
[input_vals] [-1.4138,  0.0123, -0.2893,  1.4013,  1.7279,  0.    ,  0.    ,  0.3665,  0.95  ]
[output] 0.13534923464521292
[input_vals] [-1.5868, -0.0248, -0.1796,  1.3533,  1.7279,  0.    ,  0.    ,  0.3665,  0.95  ]
[output] 0.1391282870631946
[input_vals] [-1.5983,  0.0606, -0.1936,  1.4912,  1.7279,  0.    ,  0.    ,  0.3665,  0.95  ]
[output] 0.052485117464730315
[input_vals] [-1.4527, -0.0867, -0.2369,  1.4002,  1.7279,  0.    ,  0.    ,  0.3665,  0.95  ]
[output] 0.0785366716152525
[input_vals] [-1.5055,  0.0525, -0.2329,  1.5092,  1.7279,  0.    ,  0.    ,  0.3665,  0.95  ]
[output] 0.11866417422693226
[input_vals] [-1.5254,  0.006 , -0.3411,  1.4413,  1.7279,  0.    ,  0.    ,  0.3665,  0.95  ]
[output] 0.061314434109704635
[input_vals] [-1.5684,  0.055 , -0.3048,  1.4337,  1.7279,  0.    ,  0.    ,  0.3665,  0.95  ]
[output] 0.061841774990690164
[input_vals] [-1.4577, -0.0215, -0.1978,  1.4769,  1.7279,  0.    ,  0.    ,  0.3665,  0.95  ]
[output] 0.1252492397781841
[input_vals] [-1.4364,  0.0768, -0.2017,  1.38  ,  1.7279,  0.    ,  0.    ,  0.3665,  0.95  ]
[output] 0.09894013340478612
[input_vals] [-1.4651,  0.0888, -0.2944,  1.442 ,  1.7279,  0.    ,  0.    ,  0.3665,  0.95  ]
[output] 0.1488485699804528
[input_vals] [-1.4973,  0.0159, -0.3091,  1.4735,  1.7279,  0.    ,  0.    ,  0.3665,  0.95  ]
[output] 0.09760855805893935
[input_vals] [-1.5114, -0.0721, -0.341 ,  1.4824,  1.7279,  0.    ,  0.    ,  0.3665,  0.95  ]
[output] 0.06389612109762013
[input_vals] [-1.5117, -0.0292, -0.2748,  1.4583,  1.7279,  0.    ,  0.    ,  0.3665,  0.95  ]
[output] 0.056814865016428635
[input_vals] [-1.4721, -0.0989, -0.1938,  1.401 ,  1.7279,  0.    ,  0.    ,  0.3665,  0.95  ]
[output] 0.08974582099505252
[input_vals] [-1.5849, -0.0956, -0.3528,  1.4385,  1.7279,  0.    ,  0.    ,  0.3665,  0.95  ]
[output] 0.08798259214563235
[input_vals] [-1.4293,  0.0776, -0.2664,  1.509 ,  1.7279,  0.    ,  0.    ,  0.3665,  0.95  ]
[output] 0.2623397637238896
[input_vals] [-1.5065, -0.0638, -0.287 ,  1.3439,  1.7279,  0.    ,  0.    ,  0.3665,  0.95  ]
[output] 0.0837288828376661
[input_vals] [-1.4386, -0.0175, -0.1756,  1.4307,  1.7279,  0.    ,  0.    ,  0.3665,  0.95  ]
[output] 0.10747520020345872
[input_vals] [-1.4676, -0.0032, -0.2764,  1.4825,  1.7279,  0.    ,  0.    ,  0.3665,  0.95  ]
[output] 0.1300788252486401
[input_vals] [-1.522 ,  0.0138, -0.2291,  1.4058,  1.7279,  0.    ,  0.    ,  0.3665,  0.95  ]
[output] 0.051517443583364825
[input_vals] [-1.4683,  0.036 , -0.2485,  1.5047,  1.7279,  0.    ,  0.    ,  0.3665,  0.95  ]
[output] 0.16486466077121983
[input_vals] [-1.5274,  0.0134, -0.2766,  1.3625,  1.7279,  0.    ,  0.    ,  0.3665,  0.95  ]
[output] 0.061959296165676726
[input_vals] [-1.4638, -0.0255, -0.2309,  1.479 ,  1.7279,  0.    ,  0.    ,  0.3665,  0.95  ]
[output] 0.12007425089830598
[input_vals] [-1.578 ,  0.0028, -0.2042,  1.3936,  1.7279,  0.    ,  0.    ,  0.3665,  0.95  ]
[output] 0.09615250042850179
[input_vals] [-1.4211, -0.0905, -0.2422,  1.4619,  1.7279,  0.    ,  0.    ,  0.3665,  0.95  ]
[output] 0.15946542053072982
[input_vals] [-1.4566,  0.086 , -0.2375,  1.431 ,  1.7279,  0.    ,  0.    ,  0.3665,  0.95  ]
[output] 0.13092101963623756
[input_vals] [-1.5575,  0.0002, -0.2399,  1.3973,  1.7279,  0.    ,  0.    ,  0.3665,  0.95  ]
[output] 0.07442054182460794
[input_vals] [-1.413 ,  0.0386, -0.3   ,  1.4597,  1.7279,  0.    ,  0.    ,  0.3665,  0.95  ]
[output] 0.2164253509890949
[input_vals] [-1.4777, -0.0123, -0.1919,  1.382 ,  1.7279,  0.    ,  0.    ,  0.3665,  0.95  ]
[output] 0.058553301976499474
[input_vals] [-1.4062, -0.0652, -0.312 ,  1.4348,  1.7279,  0.    ,  0.    ,  0.3665,  0.95  ]
[output] 0.15552640880310076
[input_vals] [-1.4242,  0.0221, -0.2379,  1.434 ,  1.7279,  0.    ,  0.    ,  0.3665,  0.95  ]
[output] 0.149711353433363
[input_vals] [-1.5956,  0.0802, -0.2921,  1.42  ,  1.7279,  0.    ,  0.    ,  0.3665,  0.95  ]
[output] 0.07464325875876147
[input_vals] [-1.4699,  0.0299, -0.2901,  1.4024,  1.7279,  0.    ,  0.    ,  0.3665,  0.95  ]
[output] 0.07725155001628496
[input_vals] [-1.4365,  0.0978, -0.3521,  1.3977,  1.7279,  0.    ,  0.    ,  0.3665,  0.95  ]
[output] 0.17173044649397418
[input_vals] [-1.4215,  0.031 , -0.3458,  1.4757,  1.7279,  0.    ,  0.    ,  0.3665,  0.95  ]
[output] 0.2223948070382957
[input_vals] [-1.4145,  0.0763, -0.3496,  1.4718,  1.7279,  0.    ,  0.    ,  0.3665,  0.95  ]
[output] 0.25887561422799005
[input_vals] [-1.4023,  0.056 , -0.3547,  1.3773,  1.7279,  0.    ,  0.    ,  0.3665,  0.95  ]
[output] 0.1671438342691629
[input_vals] [-1.4957,  0.0101, -0.261 ,  1.3394,  1.7279,  0.    ,  0.    ,  0.3665,  0.95  ]
[output] 0.05644135238129806
[input_vals] [-1.4224,  0.0175, -0.232 ,  1.405 ,  1.7279,  0.    ,  0.    ,  0.3665,  0.95  ]
[output] 0.11954587021431146
[input_vals] [-1.5185, -0.0718, -0.3161,  1.3772,  1.7279,  0.    ,  0.    ,  0.3665,  0.95  ]
[output] 0.07328753139443665
[input_vals] [-1.4386, -0.0178, -0.1827,  1.3361,  1.7279,  0.    ,  0.    ,  0.3665,  0.95  ]
[output] 0.06236327396691092
[input_vals] [-1.5556,  0.0781, -0.1972,  1.3587,  1.7279,  0.    ,  0.    ,  0.3665,  0.95  ]
[output] 0.07555715843979657
[input_vals] [-1.5739,  0.0914, -0.3356,  1.3229,  1.7279,  0.    ,  0.    ,  0.3665,  0.95  ]
[output] 0.10706410435132352
[input_vals] [-1.4142, -0.0528, -0.2778,  1.3967,  1.7279,  0.    ,  0.    ,  0.3665,  0.95  ]
[output] 0.10745056828422088
[input_vals] [-1.4622, -0.0212, -0.3507,  1.3431,  1.7279,  0.    ,  0.    ,  0.3665,  0.95  ]
[output] 0.051393114713407295
[input_vals] [-1.4118, -0.0417, -0.2252,  1.4146,  1.7279,  0.    ,  0.    ,  0.3665,  0.95  ]
[output] 0.12897539415069084
[input_vals] [-1.4214, -0.0674, -0.3617,  1.4021,  1.7279,  0.    ,  0.    ,  0.3665,  0.95  ]
[output] 0.09964402381915966
[input_vals] [-1.402 ,  0.0871, -0.3407,  1.4661,  1.7279,  0.    ,  0.    ,  0.3665,  0.95  ]
[output] 0.2788897566170172
[input_vals] [-1.5425,  0.0765, -0.3517,  1.3974,  1.7279,  0.    ,  0.    ,  0.3665,  0.95  ]
[output] 0.08593979166280577
[input_vals] [-1.4347, -0.0823, -0.1809,  1.4189,  1.7279,  0.    ,  0.    ,  0.3665,  0.95  ]
[output] 0.104997097695741
[input_vals] [-1.5816,  0.0592, -0.3365,  1.4723,  1.7279,  0.    ,  0.    ,  0.3665,  0.95  ]
[output] 0.07407038956830511
[input_vals] [-1.5845, -0.0483, -0.223 ,  1.4736,  1.7279,  0.    ,  0.    ,  0.3665,  0.95  ]
[output] 0.08072783663749056
[input_vals] [-1.4389, -0.0122, -0.1891,  1.4165,  1.7279,  0.    ,  0.    ,  0.3665,  0.95  ]
[output] 0.09602414441005053
[input_vals] [-1.5349, -0.0741, -0.2374,  1.339 ,  1.7279,  0.    ,  0.    ,  0.3665,  0.95  ]
[output] 0.12010035794158812
[input_vals] [-1.4611,  0.0472, -0.2189,  1.42  ,  1.7279,  0.    ,  0.    ,  0.3665,  0.95  ]
[output] 0.09165349093026365
[input_vals] [-1.5024,  0.0695, -0.3322,  1.415 ,  1.7279,  0.    ,  0.    ,  0.3665,  0.95  ]
[output] 0.09439995277003456
[input_vals] [-1.4217,  0.0614, -0.2362,  1.4616,  1.7279,  0.    ,  0.    ,  0.3665,  0.95  ]
[output] 0.20291655873132902
[input_vals] [-1.4192,  0.0818, -0.2619,  1.4789,  1.7279,  0.    ,  0.    ,  0.3665,  0.95  ]
[output] 0.24530676627032258
[input_vals] [-1.599 , -0.0292, -0.3239,  1.3823,  1.7279,  0.    ,  0.    ,  0.3665,  0.95  ]
[output] 0.10970149380706842
[input_vals] [-1.5828,  0.0101, -0.22  ,  1.4972,  1.7279,  0.    ,  0.    ,  0.3665,  0.95  ]
[output] 0.05188567427561439
[input_vals] [-1.5221, -0.0187, -0.3462,  1.5075,  1.7279,  0.    ,  0.    ,  0.3665,  0.95  ]
[output] 0.08888055036121327
[input_vals] [-1.4094, -0.0445, -0.2646,  1.512 ,  1.7279,  0.    ,  0.    ,  0.3665,  0.95  ]
[output] 0.24981017449913245
[input_vals] [-1.4249,  0.0809, -0.26  ,  1.4952,  1.7279,  0.    ,  0.    ,  0.3665,  0.95  ]
[output] 0.2537782771794989
[input_vals] [-1.5716,  0.0354, -0.3562,  1.4524,  1.7279,  0.    ,  0.    ,  0.3665,  0.95  ]
[output] 0.07047241112942867
[input_vals] [-1.4732,  0.0161, -0.1971,  1.4141,  1.7279,  0.    ,  0.    ,  0.3665,  0.95  ]
[output] 0.06399121887827552
[input_vals] [-1.5565, -0.0661, -0.2649,  1.3505,  1.7279,  0.    ,  0.    ,  0.3665,  0.95  ]
[output] 0.11920873936289945
[input_vals] [-1.4661, -0.0247, -0.2836,  1.4351,  1.7279,  0.    ,  0.    ,  0.3665,  0.95  ]
[output] 0.08240093045455422
[input_vals] [-1.526 ,  0.0923, -0.2404,  1.4055,  1.7279,  0.    ,  0.    ,  0.3665,  0.95  ]
[output] 0.06203438094195522
[input_vals] [-1.5101,  0.043 , -0.3151,  1.3415,  1.7279,  0.    ,  0.    ,  0.3665,  0.95  ]
[output] 0.06145707695197865
[input_vals] [-1.4824, -0.0582, -0.2442,  1.4987,  1.7279,  0.    ,  0.    ,  0.3665,  0.95  ]
[output] 0.10841810805549451
[input_vals] [-1.4501, -0.0982, -0.2313,  1.4433,  1.7279,  0.    ,  0.    ,  0.3665,  0.95  ]
[output] 0.10332831301473544
[input_vals] [-1.5076, -0.0115, -0.2319,  1.3357,  1.7279,  0.    ,  0.    ,  0.3665,  0.95  ]
[output] 0.07652021548803552
[input_vals] [-1.41  ,  0.0713, -0.2176,  1.4813,  1.7279,  0.    ,  0.    ,  0.3665,  0.95  ]
[output] 0.2477068404900417
[input_vals] [-1.5841,  0.0497, -0.353 ,  1.3573,  1.7279,  0.    ,  0.    ,  0.3665,  0.95  ]
[output] 0.09914626140780572
[input_vals] [-1.4934,  0.0073, -0.2804,  1.4262,  1.7279,  0.    ,  0.    ,  0.3665,  0.95  ]
[output] 0.06113961998260102
[input_vals] [-1.4887, -0.048 , -0.2382,  1.3884,  1.7279,  0.    ,  0.    ,  0.3665,  0.95  ]
[output] 0.06389473398621202
[input_vals] [-1.4643,  0.0489, -0.2585,  1.4154,  1.7279,  0.    ,  0.    ,  0.3665,  0.95  ]
[output] 0.0937709455124515
[input_vals] [-1.4667,  0.0158, -0.1998,  1.4618,  1.7279,  0.    ,  0.    ,  0.3665,  0.95  ]
[output] 0.1066869483321946
[input_vals] [-1.4225, -0.0938, -0.3573,  1.4229,  1.7279,  0.    ,  0.    ,  0.3665,  0.95  ]
[output] 0.10927383070698903
[input_vals] [-1.456 , -0.0619, -0.2901,  1.357 ,  1.7279,  0.    ,  0.    ,  0.3665,  0.95  ]
[output] 0.05829352836140682
[input_vals] [-1.4709,  0.0177, -0.3477,  1.4814,  1.7279,  0.    ,  0.    ,  0.3665,  0.95  ]
[output] 0.14714394390703234
[input_vals] [-1.5282,  0.0294, -0.2995,  1.3677,  1.7279,  0.    ,  0.    ,  0.3665,  0.95  ]
[output] 0.05857788627461991
[input_vals] [-1.5537, -0.0267, -0.2543,  1.4172,  1.7279,  0.    ,  0.    ,  0.3665,  0.95  ]
[output] 0.07068345841937448
[input_vals] [-1.4665, -0.0215, -0.2499,  1.402 ,  1.7279,  0.    ,  0.    ,  0.3665,  0.95  ]
[output] 0.06115681984299609
[input_vals] [-1.5561,  0.0687, -0.2842,  1.4098,  1.7279,  0.    ,  0.    ,  0.3665,  0.95  ]
[output] 0.061669413387294654
[input_vals] [-1.5889,  0.0101, -0.3093,  1.4424,  1.7279,  0.    ,  0.    ,  0.3665,  0.95  ]
[output] 0.06391608549625882
[input_vals] [-1.5279, -0.0007, -0.1749,  1.3597,  1.7279,  0.    ,  0.    ,  0.3665,  0.95  ]
[output] 0.08565323311989925
[input_vals] [-1.537 ,  0.0163, -0.1914,  1.3189,  1.7279,  0.    ,  0.    ,  0.3665,  0.95  ]
[output] 0.10108969502475247
[input_vals] [-1.5405,  0.0779, -0.2414,  1.3465,  1.7279,  0.    ,  0.    ,  0.3665,  0.95  ]
[output] 0.0691675531714686
[input_vals] [-1.4635, -0.0536, -0.229 ,  1.3872,  1.7279,  0.    ,  0.    ,  0.3665,  0.95  ]
[output] 0.06558917869059905
[input_vals] [-1.509 , -0.0601, -0.1904,  1.4304,  1.7279,  0.    ,  0.    ,  0.3665,  0.95  ]
[output] 0.07536265280036773
[input_vals] [-1.5141, -0.06  , -0.1824,  1.3439,  1.7279,  0.    ,  0.    ,  0.3665,  0.95  ]
[output] 0.11079342457326061
[input_vals] [-1.4105,  0.0854, -0.1945,  1.4893,  1.7279,  0.    ,  0.    ,  0.3665,  0.95  ]
[output] 0.25801301092025897
[input_vals] [-1.4813, -0.0317, -0.1936,  1.3575,  1.7279,  0.    ,  0.    ,  0.3665,  0.95  ]
[output] 0.07194786498922943
[input_vals] [-1.4807,  0.0217, -0.1884,  1.5111,  1.7279,  0.    ,  0.    ,  0.3665,  0.95  ]
[output] 0.13571144210276784
[input_vals] [-1.4233,  0.0853, -0.3222,  1.4791,  1.7279,  0.    ,  0.    ,  0.3665,  0.95  ]
[output] 0.2539454070124879
[input_vals] [-1.4647,  0.069 , -0.3485,  1.4798,  1.7279,  0.    ,  0.    ,  0.3665,  0.95  ]
[output] 0.18704065453805918
[input_vals] [-1.5058,  0.0396, -0.327 ,  1.4676,  1.7279,  0.    ,  0.    ,  0.3665,  0.95  ]
[output] 0.1021025974163986
[input_vals] [-1.5104,  0.0799, -0.2091,  1.3962,  1.7279,  0.    ,  0.    ,  0.3665,  0.95  ]
[output] 0.054219698549893815
[input_vals] [-1.511 , -0.0994, -0.2524,  1.4575,  1.7279,  0.    ,  0.    ,  0.3665,  0.95  ]
[output] 0.0745675090234145
[input_vals] [-1.5277,  0.0964, -0.2409,  1.3989,  1.7279,  0.    ,  0.    ,  0.3665,  0.95  ]
[output] 0.06239941408773206
[input_vals] [-1.4046, -0.0771, -0.2433,  1.376 ,  1.7279,  0.    ,  0.    ,  0.3665,  0.95  ]
[output] 0.10182151575267157
[input_vals] [-1.4178, -0.0418, -0.2425,  1.348 ,  1.7279,  0.    ,  0.    ,  0.3665,  0.95  ]
[output] 0.07062957476907195
[input_vals] [-1.4065, -0.0915, -0.1835,  1.3698,  1.7279,  0.    ,  0.    ,  0.3665,  0.95  ]
[output] 0.1039924730748846
[input_vals] [-1.4695, -0.0094, -0.2693,  1.3186,  1.7279,  0.    ,  0.    ,  0.3665,  0.95  ]
[output] 0.05570086239792716
[input_vals] [-1.568 ,  0.0599, -0.2969,  1.4849,  1.7279,  0.    ,  0.    ,  0.3665,  0.95  ]
[output] 0.06742130987136473
[input_vals] [-1.4387,  0.054 , -0.2953,  1.4473,  1.7279,  0.    ,  0.    ,  0.3665,  0.95  ]
[output] 0.16914563034398541
[input_vals] [-1.4444, -0.0425, -0.2419,  1.3861,  1.7279,  0.    ,  0.    ,  0.3665,  0.95  ]
[output] 0.06937880415185863
[input_vals] [-1.4294, -0.0343, -0.3134,  1.3565,  1.7279,  0.    ,  0.    ,  0.3665,  0.95  ]
[output] 0.06543923882058186
[input_vals] [-1.5024, -0.0113, -0.2605,  1.4708,  1.7279,  0.    ,  0.    ,  0.3665,  0.95  ]
[output] 0.0719679965659636
[input_vals] [-1.4922, -0.0704, -0.1932,  1.4364,  1.7279,  0.    ,  0.    ,  0.3665,  0.95  ]
[output] 0.07622026090132186
[input_vals] [-1.4701, -0.0339, -0.2031,  1.5098,  1.7279,  0.    ,  0.    ,  0.3665,  0.95  ]
[output] 0.13882179507163853
[input_vals] [-1.5971, -0.0853, -0.352 ,  1.4677,  1.7279,  0.    ,  0.    ,  0.3665,  0.95  ]
[output] 0.07773469463840871
[input_vals] [-1.4519, -0.0656, -0.1875,  1.4521,  1.7279,  0.    ,  0.    ,  0.3665,  0.95  ]
[output] 0.10763560784521925
[input_vals] [-1.4834, -0.0451, -0.2802,  1.3823,  1.7279,  0.    ,  0.    ,  0.3665,  0.95  ]
[output] 0.05511466104263107
[input_vals] [-1.4699,  0.0405, -0.2004,  1.324 ,  1.7279,  0.    ,  0.    ,  0.3665,  0.95  ]
[output] 0.0508882345329078
[input_vals] [-1.4677,  0.0105, -0.1899,  1.4578,  1.7279,  0.    ,  0.    ,  0.3665,  0.95  ]
[output] 0.09911520803617535
[input_vals] [-1.6   , -0.0984, -0.3231,  1.348 ,  1.7279,  0.    ,  0.    ,  0.3665,  0.95  ]
[output] 0.15537729871427308
[input_vals] [-1.5334,  0.0736, -0.2419,  1.4662,  1.7279,  0.    ,  0.    ,  0.3665,  0.95  ]
[output] 0.07057827263855497
[input_vals] [-1.5978, -0.0989, -0.3573,  1.3194,  1.7279,  0.    ,  0.    ,  0.3665,  0.95  ]
[output] 0.16493134989120795
[input_vals] [-1.4854,  0.0547, -0.2588,  1.4113,  1.7279,  0.    ,  0.    ,  0.3665,  0.95  ]
[output] 0.07370996538190894
[input_vals] [-1.5059,  0.0641, -0.2375,  1.3618,  1.7279,  0.    ,  0.    ,  0.3665,  0.95  ]
[output] 0.0525516153997546
[input_vals] [-1.4051, -0.0143, -0.2161,  1.4858,  1.7279,  0.    ,  0.    ,  0.3665,  0.95  ]
[output] 0.22870504751926332
[input_vals] [-1.5292,  0.0578, -0.368 ,  1.5134,  1.7279,  0.    ,  0.    ,  0.3665,  0.95  ]
[output] 0.13779016114113474
[input_vals] [-1.456 ,  0.076 , -0.2142,  1.3874,  1.7279,  0.    ,  0.    ,  0.3665,  0.95  ]
[output] 0.08524303585939975
[input_vals] [-1.4348, -0.0663, -0.2796,  1.3725,  1.7279,  0.    ,  0.    ,  0.3665,  0.95  ]
[output] 0.06875085508902297
[input_vals] [-1.4908, -0.0145, -0.3496,  1.3508,  1.7279,  0.    ,  0.    ,  0.3665,  0.95  ]
[output] 0.05300953932226631
[input_vals] [-1.4021,  0.0851, -0.3659,  1.5077,  1.7279,  0.    ,  0.    ,  0.3665,  0.95  ]
[output] 0.3278886631308322
[input_vals] [-1.5809,  0.0763, -0.3217,  1.4435,  1.7279,  0.    ,  0.    ,  0.3665,  0.95  ]
[output] 0.07414269262469017
[input_vals] [-1.565 ,  0.061 , -0.2729,  1.4506,  1.7279,  0.    ,  0.    ,  0.3665,  0.95  ]
[output] 0.05645826870286408
[input_vals] [-1.5788, -0.022 , -0.2247,  1.3365,  1.7279,  0.    ,  0.    ,  0.3665,  0.95  ]
[output] 0.132552932066863
[input_vals] [-1.4183, -0.0195, -0.2741,  1.4299,  1.7279,  0.    ,  0.    ,  0.3665,  0.95  ]
[output] 0.14368141878530408
[input_vals] [-1.5875,  0.0757, -0.2611,  1.3985,  1.7279,  0.    ,  0.    ,  0.3665,  0.95  ]
[output] 0.07571969013590274
[input_vals] [-1.561 , -0.0838, -0.287 ,  1.4265,  1.7279,  0.    ,  0.    ,  0.3665,  0.95  ]
[output] 0.08807246222669259
[input_vals] [-1.571 ,  0.059 , -0.3405,  1.4523,  1.7279,  0.    ,  0.    ,  0.3665,  0.95  ]
[output] 0.07477166768798622
[input_vals] [-1.5989, -0.0551, -0.2785,  1.4658,  1.7279,  0.    ,  0.    ,  0.3665,  0.95  ]
[output] 0.08264397096450336
[input_vals] [-1.4414, -0.0632, -0.3035,  1.3639,  1.7279,  0.    ,  0.    ,  0.3665,  0.95  ]
[output] 0.05988462130342694
[input_vals] [-1.4946, -0.0793, -0.2357,  1.3841,  1.7279,  0.    ,  0.    ,  0.3665,  0.95  ]
[output] 0.08191803151733838
[input_vals] [-1.5367, -0.0064, -0.2602,  1.4553,  1.7279,  0.    ,  0.    ,  0.3665,  0.95  ]
[output] 0.049305598463935126
[input_vals] [-1.5995, -0.0857, -0.1872,  1.3804,  1.7279,  0.    ,  0.    ,  0.3665,  0.95  ]
[output] 0.15881044744432193
[input_vals] [-1.4434,  0.0171, -0.1968,  1.4831,  1.7279,  0.    ,  0.    ,  0.3665,  0.95  ]
[output] 0.16432010637414893
[input_vals] [-1.53  ,  0.0224, -0.3453,  1.4106,  1.7279,  0.    ,  0.    ,  0.3665,  0.95  ]
[output] 0.06168752097580269
[input_vals] [-1.4625,  0.0319, -0.3621,  1.4258,  1.7279,  0.    ,  0.    ,  0.3665,  0.95  ]
[output] 0.1220481079281869
[input_vals] [-1.4875,  0.0375, -0.3119,  1.4213,  1.7279,  0.    ,  0.    ,  0.3665,  0.95  ]
[output] 0.08305547191849263
[input_vals] [-1.5122,  0.0589, -0.2917,  1.4408,  1.7279,  0.    ,  0.    ,  0.3665,  0.95  ]
[output] 0.07999131104466285
[input_vals] [-1.5157, -0.0764, -0.2784,  1.3415,  1.7279,  0.    ,  0.    ,  0.3665,  0.95  ]
[output] 0.09838253243666492
[input_vals] [-1.594 ,  0.0261, -0.3598,  1.4908,  1.7279,  0.    ,  0.    ,  0.3665,  0.95  ]
[output] 0.06923164025539466
[input_vals] [-1.5719, -0.0327, -0.295 ,  1.4297,  1.7279,  0.    ,  0.    ,  0.3665,  0.95  ]
[output] 0.07057758136508896
[input_vals] [-1.5322,  0.0017, -0.2399,  1.3643,  1.7279,  0.    ,  0.    ,  0.3665,  0.95  ]
[output] 0.07259019334637153
[input_vals] [-1.5594,  0.0169, -0.1719,  1.3431,  1.7279,  0.    ,  0.    ,  0.3665,  0.95  ]
[output] 0.10867449080782167
[input_vals] [-1.452 , -0.0954, -0.3307,  1.3744,  1.7279,  0.    ,  0.    ,  0.3665,  0.95  ]
[output] 0.06077433121366075
[input_vals] [-1.5414,  0.0177, -0.1995,  1.3943,  1.7279,  0.    ,  0.    ,  0.3665,  0.95  ]
[output] 0.06694174368263915
[input_vals] [-1.4657, -0.0267, -0.2581,  1.3591,  1.7279,  0.    ,  0.    ,  0.3665,  0.95  ]
[output] 0.05383384378279368
[input_vals] [-1.4729,  0.0861, -0.3695,  1.3192,  1.7279,  0.    ,  0.    ,  0.3665,  0.95  ]
[output] 0.10097963683202925
[input_vals] [-1.5951, -0.0994, -0.2372,  1.426 ,  1.7279,  0.    ,  0.    ,  0.3665,  0.95  ]
[output] 0.12889536389625034
[input_vals] [-1.4271, -0.0453, -0.3637,  1.443 ,  1.7279,  0.    ,  0.    ,  0.3665,  0.95  ]
[output] 0.13965016459278717
[input_vals] [-1.5728,  0.0826, -0.1891,  1.3455,  1.7279,  0.    ,  0.    ,  0.3665,  0.95  ]
[output] 0.09428420231983228
[input_vals] [-1.504 ,  0.0275, -0.2617,  1.3718,  1.7279,  0.    ,  0.    ,  0.3665,  0.95  ]
[output] 0.049835848442789106
[input_vals] [-1.4894, -0.0013, -0.3247,  1.3847,  1.7279,  0.    ,  0.    ,  0.3665,  0.95  ]
[output] 0.053064801828769236
[input_vals] [-1.4471,  0.0015, -0.3213,  1.5053,  1.7279,  0.    ,  0.    ,  0.3665,  0.95  ]
[output] 0.19546711281896179
[input_vals] [-1.5017,  0.0494, -0.2094,  1.4433,  1.7279,  0.    ,  0.    ,  0.3665,  0.95  ]
[output] 0.0661948928194269
[input_vals] [-1.4141, -0.0528, -0.281 ,  1.448 ,  1.7279,  0.    ,  0.    ,  0.3665,  0.95  ]
[output] 0.16104985033106267
[input_vals] [-1.5176,  0.0929, -0.2538,  1.4631,  1.7279,  0.    ,  0.    ,  0.3665,  0.95  ]
[output] 0.09563710570472536
[input_vals] [-1.5671, -0.0694, -0.2933,  1.4715,  1.7279,  0.    ,  0.    ,  0.3665,  0.95  ]
[output] 0.0651986492236435
[input_vals] [-1.5295,  0.0152, -0.2286,  1.4519,  1.7279,  0.    ,  0.    ,  0.3665,  0.95  ]
[output] 0.05000848347866429
[input_vals] [-1.4233, -0.0632, -0.3573,  1.3202,  1.7279,  0.    ,  0.    ,  0.3665,  0.95  ]
[output] 0.05291832584857751
[input_vals] [-1.5788, -0.0832, -0.1944,  1.3303,  1.7279,  0.    ,  0.    ,  0.3665,  0.95  ]
[output] 0.1668069351151326
[input_vals] [-1.5199, -0.0944, -0.3149,  1.419 ,  1.7279,  0.    ,  0.    ,  0.3665,  0.95  ]
[output] 0.06821848018799526
[input_vals] [-1.5234, -0.0752, -0.222 ,  1.4216,  1.7279,  0.    ,  0.    ,  0.3665,  0.95  ]
[output] 0.08293281648481925
