[input_vals] [-1.501 ,  0.    , -0.2715,  1.4137,  1.7279,  0.    ,  0.    ,  0.3665,  0.9553]
[output] 0.05734723185525402
[input_vals] [-1.501 ,  0.    , -0.2715,  1.4137,  1.7279,  0.    ,  0.    ,  0.3665,  0.9582]
[output] 0.06261830173667646
[input_vals] [-1.501 ,  0.    , -0.2715,  1.4137,  1.7279,  0.    ,  0.    ,  0.3665,  0.9349]
[output] 0.057852930795743884
[input_vals] [-1.501 ,  0.    , -0.2715,  1.4137,  1.7279,  0.    ,  0.    ,  0.3665,  0.9824]
[output] 0.12901413779502444
[input_vals] [-1.501 ,  0.    , -0.2715,  1.4137,  1.7279,  0.    ,  0.    ,  0.3665,  0.963 ]
[output] 0.07322793144526936
[input_vals] [-1.501 ,  0.    , -0.2715,  1.4137,  1.7279,  0.    ,  0.    ,  0.3665,  0.9827]
[output] 0.13013201736829466
[input_vals] [-1.501 ,  0.    , -0.2715,  1.4137,  1.7279,  0.    ,  0.    ,  0.3665,  0.9284]
[output] 0.07054238841961641
[input_vals] [-1.501 ,  0.    , -0.2715,  1.4137,  1.7279,  0.    ,  0.    ,  0.3665,  0.9058]
[output] 0.1328957478028609
[input_vals] [-1.501 ,  0.    , -0.2715,  1.4137,  1.7279,  0.    ,  0.    ,  0.3665,  0.9001]
[output] 0.1512573281426756
[input_vals] [-1.501 ,  0.    , -0.2715,  1.4137,  1.7279,  0.    ,  0.    ,  0.3665,  0.927 ]
[output] 0.07366608445111442
[input_vals] [-1.501 ,  0.    , -0.2715,  1.4137,  1.7279,  0.    ,  0.    ,  0.3665,  0.9469]
[output] 0.04895704798046503
[input_vals] [-1.501 ,  0.    , -0.2715,  1.4137,  1.7279,  0.    ,  0.    ,  0.3665,  0.9911]
[output] 0.15737027629993447
[input_vals] [-1.501 ,  0.    , -0.2715,  1.4137,  1.7279,  0.    ,  0.    ,  0.3665,  0.9621]
[output] 0.07096349329920944
[input_vals] [-1.501 ,  0.    , -0.2715,  1.4137,  1.7279,  0.    ,  0.    ,  0.3665,  0.9854]
[output] 0.13876386729219609
[input_vals] [-1.501 ,  0.    , -0.2715,  1.4137,  1.7279,  0.    ,  0.    ,  0.3665,  0.9045]
[output] 0.13696864900672906
[input_vals] [-1.501 ,  0.    , -0.2715,  1.4137,  1.7279,  0.    ,  0.    ,  0.3665,  0.9842]
[output] 0.13486138602066833
[input_vals] [-1.501 ,  0.    , -0.2715,  1.4137,  1.7279,  0.    ,  0.    ,  0.3665,  0.9187]
[output] 0.09466189671714396
[input_vals] [-1.501 ,  0.    , -0.2715,  1.4137,  1.7279,  0.    ,  0.    ,  0.3665,  0.9844]
[output] 0.13544561930381935
[input_vals] [-1.501 ,  0.    , -0.2715,  1.4137,  1.7279,  0.    ,  0.    ,  0.3665,  0.9061]
[output] 0.13178208362296234
[input_vals] [-1.501 ,  0.    , -0.2715,  1.4137,  1.7279,  0.    ,  0.    ,  0.3665,  0.9206]
[output] 0.08951898915665041
[input_vals] [-1.501 ,  0.    , -0.2715,  1.4137,  1.7279,  0.    ,  0.    ,  0.3665,  0.9497]
[output] 0.05047249349023403
[input_vals] [-1.501 ,  0.    , -0.2715,  1.4137,  1.7279,  0.    ,  0.    ,  0.3665,  0.9977]
[output] 0.17928461472725274
[input_vals] [-1.501 ,  0.    , -0.2715,  1.4137,  1.7279,  0.    ,  0.    ,  0.3665,  0.9268]
[output] 0.07393266210234306
[input_vals] [-1.501 ,  0.    , -0.2715,  1.4137,  1.7279,  0.    ,  0.    ,  0.3665,  0.9023]
[output] 0.14422862587408697
[input_vals] [-1.501 ,  0.    , -0.2715,  1.4137,  1.7279,  0.    ,  0.    ,  0.3665,  0.9743]
[output] 0.10409423401869139
[input_vals] [-1.501 ,  0.    , -0.2715,  1.4137,  1.7279,  0.    ,  0.    ,  0.3665,  0.9005]
[output] 0.1499402304761598
[input_vals] [-1.501 ,  0.    , -0.2715,  1.4137,  1.7279,  0.    ,  0.    ,  0.3665,  0.9698]
[output] 0.0911301571488002
[input_vals] [-1.501 ,  0.    , -0.2715,  1.4137,  1.7279,  0.    ,  0.    ,  0.3665,  0.9857]
[output] 0.13970109771689485
[input_vals] [-1.501 ,  0.    , -0.2715,  1.4137,  1.7279,  0.    ,  0.    ,  0.3665,  0.9795]
[output] 0.11995108363523099
[input_vals] [-1.501 ,  0.    , -0.2715,  1.4137,  1.7279,  0.    ,  0.    ,  0.3665,  0.9425]
[output] 0.04948632333276885
[input_vals] [-1.501 ,  0.    , -0.2715,  1.4137,  1.7279,  0.    ,  0.    ,  0.3665,  0.9126]
[output] 0.11211630396433218
[input_vals] [-1.501 ,  0.    , -0.2715,  1.4137,  1.7279,  0.    ,  0.    ,  0.3665,  0.9799]
[output] 0.12128691609516233
[input_vals] [-1.501 ,  0.    , -0.2715,  1.4137,  1.7279,  0.    ,  0.    ,  0.3665,  0.9232]
[output] 0.08280491196839844
[input_vals] [-1.501 ,  0.    , -0.2715,  1.4137,  1.7279,  0.    ,  0.    ,  0.3665,  0.9023]
[output] 0.14409757036637771
[input_vals] [-1.501 ,  0.    , -0.2715,  1.4137,  1.7279,  0.    ,  0.    ,  0.3665,  0.943 ]
[output] 0.049289497709336966
[input_vals] [-1.501 ,  0.    , -0.2715,  1.4137,  1.7279,  0.    ,  0.    ,  0.3665,  0.9365]
[output] 0.05546214069369148
[input_vals] [-1.501 ,  0.    , -0.2715,  1.4137,  1.7279,  0.    ,  0.    ,  0.3665,  0.9229]
[output] 0.08363455132053343
[input_vals] [-1.501 ,  0.    , -0.2715,  1.4137,  1.7279,  0.    ,  0.    ,  0.3665,  0.9764]
[output] 0.11040877032812778
[input_vals] [-1.501 ,  0.    , -0.2715,  1.4137,  1.7279,  0.    ,  0.    ,  0.3665,  0.93  ]
[output] 0.06696477926092055
[input_vals] [-1.501 ,  0.    , -0.2715,  1.4137,  1.7279,  0.    ,  0.    ,  0.3665,  0.9639]
[output] 0.07541959116586394
[input_vals] [-1.501 ,  0.    , -0.2715,  1.4137,  1.7279,  0.    ,  0.    ,  0.3665,  0.9486]
[output] 0.0496972047408468
[input_vals] [-1.501 ,  0.    , -0.2715,  1.4137,  1.7279,  0.    ,  0.    ,  0.3665,  0.985 ]
[output] 0.13720474865010548
[input_vals] [-1.501 ,  0.    , -0.2715,  1.4137,  1.7279,  0.    ,  0.    ,  0.3665,  0.9764]
[output] 0.11031902516393698
[input_vals] [-1.501 ,  0.    , -0.2715,  1.4137,  1.7279,  0.    ,  0.    ,  0.3665,  0.9735]
[output] 0.10172970596846365
[input_vals] [-1.501 ,  0.    , -0.2715,  1.4137,  1.7279,  0.    ,  0.    ,  0.3665,  0.9651]
[output] 0.07835133831477027
[input_vals] [-1.501 ,  0.    , -0.2715,  1.4137,  1.7279,  0.    ,  0.    ,  0.3665,  0.9556]
[output] 0.05782238676358839
[input_vals] [-1.501 ,  0.    , -0.2715,  1.4137,  1.7279,  0.    ,  0.    ,  0.3665,  0.9411]
[output] 0.0504327133396133
[input_vals] [-1.501 ,  0.    , -0.2715,  1.4137,  1.7279,  0.    ,  0.    ,  0.3665,  0.9585]
[output] 0.06323429335797852
[input_vals] [-1.501 ,  0.    , -0.2715,  1.4137,  1.7279,  0.    ,  0.    ,  0.3665,  0.9646]
[output] 0.07721570801397407
[input_vals] [-1.501 ,  0.    , -0.2715,  1.4137,  1.7279,  0.    ,  0.    ,  0.3665,  0.9806]
[output] 0.12321520781561317
[input_vals] [-1.501 ,  0.    , -0.2715,  1.4137,  1.7279,  0.    ,  0.    ,  0.3665,  0.9545]
[output] 0.05608932302006904
[input_vals] [-1.501 ,  0.    , -0.2715,  1.4137,  1.7279,  0.    ,  0.    ,  0.3665,  0.9298]
[output] 0.06738086978322762
[input_vals] [-1.501 ,  0.    , -0.2715,  1.4137,  1.7279,  0.    ,  0.    ,  0.3665,  0.9141]
[output] 0.10766992558534559
[input_vals] [-1.501 ,  0.    , -0.2715,  1.4137,  1.7279,  0.    ,  0.    ,  0.3665,  0.9226]
[output] 0.08434299930912331
[input_vals] [-1.501 ,  0.    , -0.2715,  1.4137,  1.7279,  0.    ,  0.    ,  0.3665,  0.9632]
[output] 0.0735872718971804
[input_vals] [-1.501 ,  0.    , -0.2715,  1.4137,  1.7279,  0.    ,  0.    ,  0.3665,  0.9729]
[output] 0.09998282351892457
[input_vals] [-1.501 ,  0.    , -0.2715,  1.4137,  1.7279,  0.    ,  0.    ,  0.3665,  0.9509]
[output] 0.051539511808923764
[input_vals] [-1.501 ,  0.    , -0.2715,  1.4137,  1.7279,  0.    ,  0.    ,  0.3665,  0.9153]
[output] 0.10421234106869255
[input_vals] [-1.501 ,  0.    , -0.2715,  1.4137,  1.7279,  0.    ,  0.    ,  0.3665,  0.952 ]
[output] 0.05268354580015052
[input_vals] [-1.501 ,  0.    , -0.2715,  1.4137,  1.7279,  0.    ,  0.    ,  0.3665,  0.9118]
[output] 0.1143787755782866
[input_vals] [-1.501 ,  0.    , -0.2715,  1.4137,  1.7279,  0.    ,  0.    ,  0.3665,  0.9847]
[output] 0.13642166309717668
[input_vals] [-1.501 ,  0.    , -0.2715,  1.4137,  1.7279,  0.    ,  0.    ,  0.3665,  0.9721]
[output] 0.09760856750889338
[input_vals] [-1.501 ,  0.    , -0.2715,  1.4137,  1.7279,  0.    ,  0.    ,  0.3665,  0.9075]
[output] 0.12755762869523038
[input_vals] [-1.501 ,  0.    , -0.2715,  1.4137,  1.7279,  0.    ,  0.    ,  0.3665,  0.9266]
[output] 0.07455935331748516
[input_vals] [-1.501 ,  0.    , -0.2715,  1.4137,  1.7279,  0.    ,  0.    ,  0.3665,  0.9124]
[output] 0.11262559213152111
[input_vals] [-1.501 ,  0.    , -0.2715,  1.4137,  1.7279,  0.    ,  0.    ,  0.3665,  0.9093]
[output] 0.12196569184355778
[input_vals] [-1.501 ,  0.    , -0.2715,  1.4137,  1.7279,  0.    ,  0.    ,  0.3665,  0.9563]
[output] 0.0591397748259006
[input_vals] [-1.501 ,  0.    , -0.2715,  1.4137,  1.7279,  0.    ,  0.    ,  0.3665,  0.9815]
[output] 0.12626945567875067
[input_vals] [-1.501 ,  0.    , -0.2715,  1.4137,  1.7279,  0.    ,  0.    ,  0.3665,  0.944 ]
[output] 0.04892033099598825
[input_vals] [-1.501 ,  0.    , -0.2715,  1.4137,  1.7279,  0.    ,  0.    ,  0.3665,  0.9943]
[output] 0.16783822582085942
[input_vals] [-1.501 ,  0.    , -0.2715,  1.4137,  1.7279,  0.    ,  0.    ,  0.3665,  0.9133]
[output] 0.1098409914594045
[input_vals] [-1.501 ,  0.    , -0.2715,  1.4137,  1.7279,  0.    ,  0.    ,  0.3665,  0.9704]
[output] 0.09265063362137545
[input_vals] [-1.501 ,  0.    , -0.2715,  1.4137,  1.7279,  0.    ,  0.    ,  0.3665,  0.9298]
[output] 0.06744820438080341
[input_vals] [-1.501 ,  0.    , -0.2715,  1.4137,  1.7279,  0.    ,  0.    ,  0.3665,  0.9376]
[output] 0.05394213529266968
[input_vals] [-1.501 ,  0.    , -0.2715,  1.4137,  1.7279,  0.    ,  0.    ,  0.3665,  0.9125]
[output] 0.1124315670039305
[input_vals] [-1.501 ,  0.    , -0.2715,  1.4137,  1.7279,  0.    ,  0.    ,  0.3665,  0.9723]
[output] 0.09819958056724881
[input_vals] [-1.501 ,  0.    , -0.2715,  1.4137,  1.7279,  0.    ,  0.    ,  0.3665,  0.9277]
[output] 0.07201442417214787
[input_vals] [-1.501 ,  0.    , -0.2715,  1.4137,  1.7279,  0.    ,  0.    ,  0.3665,  0.9885]
[output] 0.14855845984510183
[input_vals] [-1.501 ,  0.    , -0.2715,  1.4137,  1.7279,  0.    ,  0.    ,  0.3665,  0.9378]
[output] 0.05372184999828574
[input_vals] [-1.501 ,  0.    , -0.2715,  1.4137,  1.7279,  0.    ,  0.    ,  0.3665,  0.9488]
[output] 0.049844611205610394
[input_vals] [-1.501 ,  0.    , -0.2715,  1.4137,  1.7279,  0.    ,  0.    ,  0.3665,  0.9401]
[output] 0.05124981484430352
[input_vals] [-1.501 ,  0.    , -0.2715,  1.4137,  1.7279,  0.    ,  0.    ,  0.3665,  0.9902]
[output] 0.15415895058897483
[input_vals] [-1.501 ,  0.    , -0.2715,  1.4137,  1.7279,  0.    ,  0.    ,  0.3665,  0.9568]
[output] 0.059930981314064526
[input_vals] [-1.501 ,  0.    , -0.2715,  1.4137,  1.7279,  0.    ,  0.    ,  0.3665,  0.9528]
[output] 0.0536676631784541
[input_vals] [-1.501 ,  0.    , -0.2715,  1.4137,  1.7279,  0.    ,  0.    ,  0.3665,  0.9188]
[output] 0.09422430910280291
[input_vals] [-1.501 ,  0.    , -0.2715,  1.4137,  1.7279,  0.    ,  0.    ,  0.3665,  0.9177]
[output] 0.09741239314540788
[input_vals] [-1.501 ,  0.    , -0.2715,  1.4137,  1.7279,  0.    ,  0.    ,  0.3665,  0.9539]
[output] 0.055218731707102245
[input_vals] [-1.501 ,  0.    , -0.2715,  1.4137,  1.7279,  0.    ,  0.    ,  0.3665,  0.9707]
[output] 0.09349615852289325
[input_vals] [-1.501 ,  0.    , -0.2715,  1.4137,  1.7279,  0.    ,  0.    ,  0.3665,  0.9418]
[output] 0.04990773914735483
[input_vals] [-1.501 ,  0.    , -0.2715,  1.4137,  1.7279,  0.    ,  0.    ,  0.3665,  0.9472]
[output] 0.04906087725932922
[input_vals] [-1.501 ,  0.    , -0.2715,  1.4137,  1.7279,  0.    ,  0.    ,  0.3665,  0.9053]
[output] 0.13427848909092155
[input_vals] [-1.501 ,  0.    , -0.2715,  1.4137,  1.7279,  0.    ,  0.    ,  0.3665,  0.9469]
[output] 0.048969927204526975
[input_vals] [-1.501 ,  0.    , -0.2715,  1.4137,  1.7279,  0.    ,  0.    ,  0.3665,  0.9138]
[output] 0.10841033678136267
[input_vals] [-1.501 ,  0.    , -0.2715,  1.4137,  1.7279,  0.    ,  0.    ,  0.3665,  0.931 ]
[output] 0.06498065362266825
[input_vals] [-1.501 ,  0.    , -0.2715,  1.4137,  1.7279,  0.    ,  0.    ,  0.3665,  0.9452]
[output] 0.048758580426953135
[input_vals] [-1.501 ,  0.    , -0.2715,  1.4137,  1.7279,  0.    ,  0.    ,  0.3665,  0.9887]
[output] 0.149417653568823
[input_vals] [-1.501 ,  0.    , -0.2715,  1.4137,  1.7279,  0.    ,  0.    ,  0.3665,  0.9378]
[output] 0.05377784029654215
[input_vals] [-1.501 ,  0.    , -0.2715,  1.4137,  1.7279,  0.    ,  0.    ,  0.3665,  0.9936]
[output] 0.165499446877023
[input_vals] [-1.501 ,  0.    , -0.2715,  1.4137,  1.7279,  0.    ,  0.    ,  0.3665,  0.9221]
[output] 0.08559675748431708
[input_vals] [-1.501 ,  0.    , -0.2715,  1.4137,  1.7279,  0.    ,  0.    ,  0.3665,  0.9069]
[output] 0.12942857926389498
[input_vals] [-1.501 ,  0.    , -0.2715,  1.4137,  1.7279,  0.    ,  0.    ,  0.3665,  0.9989]
[output] 0.1830364874993863
[input_vals] [-1.501 ,  0.    , -0.2715,  1.4137,  1.7279,  0.    ,  0.    ,  0.3665,  0.9763]
[output] 0.10991381908848923
[input_vals] [-1.501 ,  0.    , -0.2715,  1.4137,  1.7279,  0.    ,  0.    ,  0.3665,  0.9621]
[output] 0.071057571905515
[input_vals] [-1.501 ,  0.    , -0.2715,  1.4137,  1.7279,  0.    ,  0.    ,  0.3665,  0.9067]
[output] 0.12987905240083514
[input_vals] [-1.501 ,  0.    , -0.2715,  1.4137,  1.7279,  0.    ,  0.    ,  0.3665,  0.9161]
[output] 0.10174141593977343
[input_vals] [-1.501 ,  0.    , -0.2715,  1.4137,  1.7279,  0.    ,  0.    ,  0.3665,  0.9205]
[output] 0.08968048282602682
[input_vals] [-1.501 ,  0.    , -0.2715,  1.4137,  1.7279,  0.    ,  0.    ,  0.3665,  0.9397]
[output] 0.051595254691624425
[input_vals] [-1.501 ,  0.    , -0.2715,  1.4137,  1.7279,  0.    ,  0.    ,  0.3665,  0.9518]
[output] 0.05243368917950175
[input_vals] [-1.501 ,  0.    , -0.2715,  1.4137,  1.7279,  0.    ,  0.    ,  0.3665,  0.99  ]
[output] 0.15374781999301831
[input_vals] [-1.501 ,  0.    , -0.2715,  1.4137,  1.7279,  0.    ,  0.    ,  0.3665,  0.9136]
[output] 0.10895156297364436
[input_vals] [-1.501 ,  0.    , -0.2715,  1.4137,  1.7279,  0.    ,  0.    ,  0.3665,  0.9023]
[output] 0.1440218889503546
[input_vals] [-1.501 ,  0.    , -0.2715,  1.4137,  1.7279,  0.    ,  0.    ,  0.3665,  0.9658]
[output] 0.08020022798488165
[input_vals] [-1.501 ,  0.    , -0.2715,  1.4137,  1.7279,  0.    ,  0.    ,  0.3665,  0.9314]
[output] 0.06411868446476642
[input_vals] [-1.501 ,  0.    , -0.2715,  1.4137,  1.7279,  0.    ,  0.    ,  0.3665,  0.9925]
[output] 0.16174928848747483
[input_vals] [-1.501 ,  0.    , -0.2715,  1.4137,  1.7279,  0.    ,  0.    ,  0.3665,  0.9426]
[output] 0.04948146087212709
[input_vals] [-1.501 ,  0.    , -0.2715,  1.4137,  1.7279,  0.    ,  0.    ,  0.3665,  0.986 ]
[output] 0.1405267066735707
[input_vals] [-1.501 ,  0.    , -0.2715,  1.4137,  1.7279,  0.    ,  0.    ,  0.3665,  0.9359]
[output] 0.05639001869873652
[input_vals] [-1.501 ,  0.    , -0.2715,  1.4137,  1.7279,  0.    ,  0.    ,  0.3665,  0.9005]
[output] 0.14993312602846293
[input_vals] [-1.501 ,  0.    , -0.2715,  1.4137,  1.7279,  0.    ,  0.    ,  0.3665,  0.9315]
[output] 0.06403503646604898
[input_vals] [-1.501 ,  0.    , -0.2715,  1.4137,  1.7279,  0.    ,  0.    ,  0.3665,  0.9532]
[output] 0.054272936659541034
[input_vals] [-1.501 ,  0.    , -0.2715,  1.4137,  1.7279,  0.    ,  0.    ,  0.3665,  0.9166]
[output] 0.10027961305834031
[input_vals] [-1.501 ,  0.    , -0.2715,  1.4137,  1.7279,  0.    ,  0.    ,  0.3665,  0.9804]
[output] 0.12284820909546472
[input_vals] [-1.501 ,  0.    , -0.2715,  1.4137,  1.7279,  0.    ,  0.    ,  0.3665,  0.9885]
[output] 0.14858391752382874
[input_vals] [-1.501 ,  0.    , -0.2715,  1.4137,  1.7279,  0.    ,  0.    ,  0.3665,  0.9865]
[output] 0.14203439299462603
[input_vals] [-1.501 ,  0.    , -0.2715,  1.4137,  1.7279,  0.    ,  0.    ,  0.3665,  0.9326]
[output] 0.0618549310109091
[input_vals] [-1.501 ,  0.    , -0.2715,  1.4137,  1.7279,  0.    ,  0.    ,  0.3665,  0.9034]
[output] 0.1405342330428336
[input_vals] [-1.501 ,  0.    , -0.2715,  1.4137,  1.7279,  0.    ,  0.    ,  0.3665,  0.9174]
[output] 0.09827439060850421
[input_vals] [-1.501 ,  0.    , -0.2715,  1.4137,  1.7279,  0.    ,  0.    ,  0.3665,  0.9309]
[output] 0.06511842676519458
[input_vals] [-1.501 ,  0.    , -0.2715,  1.4137,  1.7279,  0.    ,  0.    ,  0.3665,  0.966 ]
[output] 0.08060646701790512
[input_vals] [-1.501 ,  0.    , -0.2715,  1.4137,  1.7279,  0.    ,  0.    ,  0.3665,  0.9092]
[output] 0.1221793338171116
[input_vals] [-1.501 ,  0.    , -0.2715,  1.4137,  1.7279,  0.    ,  0.    ,  0.3665,  0.9558]
[output] 0.058180282761965546
[input_vals] [-1.501 ,  0.    , -0.2715,  1.4137,  1.7279,  0.    ,  0.    ,  0.3665,  0.9636]
[output] 0.07457058113189063
[input_vals] [-1.501 ,  0.    , -0.2715,  1.4137,  1.7279,  0.    ,  0.    ,  0.3665,  0.9501]
[output] 0.05083333624732406
[input_vals] [-1.501 ,  0.    , -0.2715,  1.4137,  1.7279,  0.    ,  0.    ,  0.3665,  0.9915]
[output] 0.15851217164313774
[input_vals] [-1.501 ,  0.    , -0.2715,  1.4137,  1.7279,  0.    ,  0.    ,  0.3665,  0.9323]
[output] 0.06250097479247807
[input_vals] [-1.501 ,  0.    , -0.2715,  1.4137,  1.7279,  0.    ,  0.    ,  0.3665,  0.9639]
[output] 0.07537204559233657
[input_vals] [-1.501 ,  0.    , -0.2715,  1.4137,  1.7279,  0.    ,  0.    ,  0.3665,  0.9726]
[output] 0.09892062573702196
[input_vals] [-1.501 ,  0.    , -0.2715,  1.4137,  1.7279,  0.    ,  0.    ,  0.3665,  0.9291]
[output] 0.06890911661083597
[input_vals] [-1.501 ,  0.    , -0.2715,  1.4137,  1.7279,  0.    ,  0.    ,  0.3665,  0.9744]
[output] 0.10429615310394835
[input_vals] [-1.501 ,  0.    , -0.2715,  1.4137,  1.7279,  0.    ,  0.    ,  0.3665,  0.966 ]
[output] 0.08068707140246541
[input_vals] [-1.501 ,  0.    , -0.2715,  1.4137,  1.7279,  0.    ,  0.    ,  0.3665,  0.9352]
[output] 0.05745481273479535
[input_vals] [-1.501 ,  0.    , -0.2715,  1.4137,  1.7279,  0.    ,  0.    ,  0.3665,  0.9937]
[output] 0.16591279722187782
[input_vals] [-1.501 ,  0.    , -0.2715,  1.4137,  1.7279,  0.    ,  0.    ,  0.3665,  0.9743]
[output] 0.10390032802141283
[input_vals] [-1.501 ,  0.    , -0.2715,  1.4137,  1.7279,  0.    ,  0.    ,  0.3665,  0.9026]
[output] 0.1429991385915493
[input_vals] [-1.501 ,  0.    , -0.2715,  1.4137,  1.7279,  0.    ,  0.    ,  0.3665,  0.9459]
[output] 0.04878381297588614
[input_vals] [-1.501 ,  0.    , -0.2715,  1.4137,  1.7279,  0.    ,  0.    ,  0.3665,  0.9434]
[output] 0.04912829302617959
[input_vals] [-1.501 ,  0.    , -0.2715,  1.4137,  1.7279,  0.    ,  0.    ,  0.3665,  0.9696]
[output] 0.09043735035582334
[input_vals] [-1.501 ,  0.    , -0.2715,  1.4137,  1.7279,  0.    ,  0.    ,  0.3665,  0.9614]
[output] 0.06933893936414166
[input_vals] [-1.501 ,  0.    , -0.2715,  1.4137,  1.7279,  0.    ,  0.    ,  0.3665,  0.97  ]
[output] 0.09146109012453604
[input_vals] [-1.501 ,  0.    , -0.2715,  1.4137,  1.7279,  0.    ,  0.    ,  0.3665,  0.9232]
[output] 0.08273125247991106
[input_vals] [-1.501 ,  0.    , -0.2715,  1.4137,  1.7279,  0.    ,  0.    ,  0.3665,  0.9649]
[output] 0.0779923208128085
[input_vals] [-1.501 ,  0.    , -0.2715,  1.4137,  1.7279,  0.    ,  0.    ,  0.3665,  0.9199]
[output] 0.09146612958693445
[input_vals] [-1.501 ,  0.    , -0.2715,  1.4137,  1.7279,  0.    ,  0.    ,  0.3665,  0.958 ]
[output] 0.062313078442350185
[input_vals] [-1.501 ,  0.    , -0.2715,  1.4137,  1.7279,  0.    ,  0.    ,  0.3665,  0.9699]
[output] 0.09123050055030973
[input_vals] [-1.501 ,  0.    , -0.2715,  1.4137,  1.7279,  0.    ,  0.    ,  0.3665,  0.9509]
[output] 0.051541088586122864
[input_vals] [-1.501 ,  0.    , -0.2715,  1.4137,  1.7279,  0.    ,  0.    ,  0.3665,  0.9539]
[output] 0.05523890458444826
[input_vals] [-1.501 ,  0.    , -0.2715,  1.4137,  1.7279,  0.    ,  0.    ,  0.3665,  0.9851]
[output] 0.1375540484195284
[input_vals] [-1.501 ,  0.    , -0.2715,  1.4137,  1.7279,  0.    ,  0.    ,  0.3665,  0.9454]
[output] 0.0487563174885136
[input_vals] [-1.501 ,  0.    , -0.2715,  1.4137,  1.7279,  0.    ,  0.    ,  0.3665,  0.9793]
[output] 0.11924644589311661
[input_vals] [-1.501 ,  0.    , -0.2715,  1.4137,  1.7279,  0.    ,  0.    ,  0.3665,  0.9515]
[output] 0.05218326363663966
[input_vals] [-1.501 ,  0.    , -0.2715,  1.4137,  1.7279,  0.    ,  0.    ,  0.3665,  0.9793]
[output] 0.11939900824790613
[input_vals] [-1.501 ,  0.    , -0.2715,  1.4137,  1.7279,  0.    ,  0.    ,  0.3665,  0.9994]
[output] 0.1847049521286126
[input_vals] [-1.501 ,  0.    , -0.2715,  1.4137,  1.7279,  0.    ,  0.    ,  0.3665,  0.9222]
[output] 0.08535565748212763
[input_vals] [-1.501 ,  0.    , -0.2715,  1.4137,  1.7279,  0.    ,  0.    ,  0.3665,  0.9987]
[output] 0.18235067558825263
[input_vals] [-1.501 ,  0.    , -0.2715,  1.4137,  1.7279,  0.    ,  0.    ,  0.3665,  0.9534]
[output] 0.05450788964958937
[input_vals] [-1.501 ,  0.    , -0.2715,  1.4137,  1.7279,  0.    ,  0.    ,  0.3665,  0.9488]
[output] 0.04984863772505758
[input_vals] [-1.501 ,  0.    , -0.2715,  1.4137,  1.7279,  0.    ,  0.    ,  0.3665,  0.9918]
[output] 0.1596127612613207
[input_vals] [-1.501 ,  0.    , -0.2715,  1.4137,  1.7279,  0.    ,  0.    ,  0.3665,  0.9516]
[output] 0.052261707031129784
[input_vals] [-1.501 ,  0.    , -0.2715,  1.4137,  1.7279,  0.    ,  0.    ,  0.3665,  0.9999]
[output] 0.18638732664733748
[input_vals] [-1.501 ,  0.    , -0.2715,  1.4137,  1.7279,  0.    ,  0.    ,  0.3665,  0.967 ]
[output] 0.08322914555845114
[input_vals] [-1.501 ,  0.    , -0.2715,  1.4137,  1.7279,  0.    ,  0.    ,  0.3665,  0.9153]
[output] 0.10424452406897415
[input_vals] [-1.501 ,  0.    , -0.2715,  1.4137,  1.7279,  0.    ,  0.    ,  0.3665,  0.9027]
[output] 0.14266188315595132
[input_vals] [-1.501 ,  0.    , -0.2715,  1.4137,  1.7279,  0.    ,  0.    ,  0.3665,  0.9139]
[output] 0.10808746095644753
[input_vals] [-1.501 ,  0.    , -0.2715,  1.4137,  1.7279,  0.    ,  0.    ,  0.3665,  0.9156]
[output] 0.10329123464370359
[input_vals] [-1.501 ,  0.    , -0.2715,  1.4137,  1.7279,  0.    ,  0.    ,  0.3665,  0.943 ]
[output] 0.04925438274920598
[input_vals] [-1.501 ,  0.    , -0.2715,  1.4137,  1.7279,  0.    ,  0.    ,  0.3665,  0.9374]
[output] 0.05422990473893103
[input_vals] [-1.501 ,  0.    , -0.2715,  1.4137,  1.7279,  0.    ,  0.    ,  0.3665,  0.9865]
[output] 0.1421183776969326
[input_vals] [-1.501 ,  0.    , -0.2715,  1.4137,  1.7279,  0.    ,  0.    ,  0.3665,  0.986 ]
[output] 0.14047159497301165
[input_vals] [-1.501 ,  0.    , -0.2715,  1.4137,  1.7279,  0.    ,  0.    ,  0.3665,  0.9147]
[output] 0.10576262572180217
[input_vals] [-1.501 ,  0.    , -0.2715,  1.4137,  1.7279,  0.    ,  0.    ,  0.3665,  0.914 ]
[output] 0.1079068072680892
[input_vals] [-1.501 ,  0.    , -0.2715,  1.4137,  1.7279,  0.    ,  0.    ,  0.3665,  0.9884]
[output] 0.14836731326781552
[input_vals] [-1.501 ,  0.    , -0.2715,  1.4137,  1.7279,  0.    ,  0.    ,  0.3665,  0.9305]
[output] 0.06601959378438543
[input_vals] [-1.501 ,  0.    , -0.2715,  1.4137,  1.7279,  0.    ,  0.    ,  0.3665,  0.9817]
[output] 0.1269191520341587
[input_vals] [-1.501 ,  0.    , -0.2715,  1.4137,  1.7279,  0.    ,  0.    ,  0.3665,  0.9924]
[output] 0.16139632310270804
[input_vals] [-1.501 ,  0.    , -0.2715,  1.4137,  1.7279,  0.    ,  0.    ,  0.3665,  0.9487]
[output] 0.04978415296133517
[input_vals] [-1.501 ,  0.    , -0.2715,  1.4137,  1.7279,  0.    ,  0.    ,  0.3665,  0.9558]
[output] 0.05819227524311552
[input_vals] [-1.501 ,  0.    , -0.2715,  1.4137,  1.7279,  0.    ,  0.    ,  0.3665,  0.9218]
[output] 0.0864329929421445
[input_vals] [-1.501 ,  0.    , -0.2715,  1.4137,  1.7279,  0.    ,  0.    ,  0.3665,  0.91  ]
[output] 0.11987426466934
[input_vals] [-1.501 ,  0.    , -0.2715,  1.4137,  1.7279,  0.    ,  0.    ,  0.3665,  0.959 ]
[output] 0.06420638926098243
[input_vals] [-1.501 ,  0.    , -0.2715,  1.4137,  1.7279,  0.    ,  0.    ,  0.3665,  0.9433]
[output] 0.04915751182871614
[input_vals] [-1.501 ,  0.    , -0.2715,  1.4137,  1.7279,  0.    ,  0.    ,  0.3665,  0.9852]
[output] 0.13790824790317474
[input_vals] [-1.501 ,  0.    , -0.2715,  1.4137,  1.7279,  0.    ,  0.    ,  0.3665,  0.9574]
[output] 0.06106389194691533
[input_vals] [-1.501 ,  0.    , -0.2715,  1.4137,  1.7279,  0.    ,  0.    ,  0.3665,  0.9942]
[output] 0.16751299467615055
[input_vals] [-1.501 ,  0.    , -0.2715,  1.4137,  1.7279,  0.    ,  0.    ,  0.3665,  0.9716]
[output] 0.09602177499490905
[input_vals] [-1.501 ,  0.    , -0.2715,  1.4137,  1.7279,  0.    ,  0.    ,  0.3665,  0.9558]
[output] 0.05827367465049605
[input_vals] [-1.501 ,  0.    , -0.2715,  1.4137,  1.7279,  0.    ,  0.    ,  0.3665,  0.9168]
[output] 0.09976277877360443
[input_vals] [-1.501 ,  0.    , -0.2715,  1.4137,  1.7279,  0.    ,  0.    ,  0.3665,  0.9756]
[output] 0.1077795390853346
[input_vals] [-1.501 ,  0.    , -0.2715,  1.4137,  1.7279,  0.    ,  0.    ,  0.3665,  0.9795]
[output] 0.11976843241013381
[input_vals] [-1.501 ,  0.    , -0.2715,  1.4137,  1.7279,  0.    ,  0.    ,  0.3665,  0.924 ]
[output] 0.08073239452649006
[input_vals] [-1.501 ,  0.    , -0.2715,  1.4137,  1.7279,  0.    ,  0.    ,  0.3665,  0.9435]
[output] 0.04907486446789846
