[input_vals] [-1.501 ,  0.    , -0.2715,  1.4137,  1.671 , -0.0442,  0.0356,  0.3532,  0.95  ]
[output] 0.15089107208745164
[input_vals] [-1.501 ,  0.    , -0.2715,  1.4137,  1.7835, -0.0125, -0.0645,  0.3396,  0.95  ]
[output] 0.08627853788000237
[input_vals] [-1.501 ,  0.    , -0.2715,  1.4137,  1.8252,  0.0828, -0.0478,  0.3704,  0.95  ]
[output] 0.19169508120944403
[input_vals] [-1.501 ,  0.    , -0.2715,  1.4137,  1.7802, -0.0558, -0.002 ,  0.3921,  0.95  ]
[output] 0.09099840625482042
[input_vals] [-1.501 ,  0.    , -0.2715,  1.4137,  1.7383, -0.0564, -0.0643,  0.4513,  0.95  ]
[output] 0.08914183305638526
[input_vals] [-1.501 ,  0.    , -0.2715,  1.4137,  1.6662, -0.0509,  0.0197,  0.3368,  0.95  ]
[output] 0.1693985015525696
[input_vals] [-1.501 ,  0.    , -0.2715,  1.4137,  1.7151, -0.0587, -0.0083,  0.3268,  0.95  ]
[output] 0.09556900353895478
[input_vals] [-1.501 ,  0.    , -0.2715,  1.4137,  1.6894,  0.0618, -0.0071,  0.4546,  0.95  ]
[output] 0.07191309818523237
[input_vals] [-1.501 ,  0.    , -0.2715,  1.4137,  1.629 ,  0.0102,  0.0998,  0.43  ,  0.95  ]
[output] 0.1649055441594385
[input_vals] [-1.501 ,  0.    , -0.2715,  1.4137,  1.7078,  0.0478, -0.0196,  0.3521,  0.95  ]
[output] 0.06491400191304776
[input_vals] [-1.501 ,  0.    , -0.2715,  1.4137,  1.8183, -0.0856, -0.0714,  0.4258,  0.95  ]
[output] 0.18690378991802933
[input_vals] [-1.501 ,  0.    , -0.2715,  1.4137,  1.7066, -0.0606,  0.0662,  0.3437,  0.95  ]
[output] 0.11917538112784809
[input_vals] [-1.501 ,  0.    , -0.2715,  1.4137,  1.673 ,  0.0604,  0.0932,  0.4209,  0.95  ]
[output] 0.07424521535224905
[input_vals] [-1.501 ,  0.    , -0.2715,  1.4137,  1.7999, -0.009 , -0.048 ,  0.2888,  0.95  ]
[output] 0.08040090470807382
[input_vals] [-1.501 ,  0.    , -0.2715,  1.4137,  1.6833, -0.0949,  0.0144,  0.304 ,  0.95  ]
[output] 0.1860311806371903
[input_vals] [-1.501 ,  0.    , -0.2715,  1.4137,  1.7726, -0.0497,  0.0608,  0.3013,  0.95  ]
[output] 0.06816150006415789
[input_vals] [-1.501 ,  0.    , -0.2715,  1.4137,  1.6316,  0.0062, -0.0476,  0.3782,  0.95  ]
[output] 0.18693415769574964
[input_vals] [-1.501 ,  0.    , -0.2715,  1.4137,  1.7992, -0.0462, -0.0082,  0.3965,  0.95  ]
[output] 0.11715863706182461
[input_vals] [-1.501 ,  0.    , -0.2715,  1.4137,  1.7881, -0.038 , -0.0964,  0.3363,  0.95  ]
[output] 0.09024378402785618
[input_vals] [-1.501 ,  0.    , -0.2715,  1.4137,  1.6918,  0.0807,  0.0948,  0.4385,  0.95  ]
[output] 0.06112794255881997
[input_vals] [-1.501 ,  0.    , -0.2715,  1.4137,  1.7775,  0.0782, -0.0621,  0.3155,  0.95  ]
[output] 0.12389340165674188
[input_vals] [-1.501 ,  0.    , -0.2715,  1.4137,  1.7063,  0.0264,  0.0594,  0.4165,  0.95  ]
[output] 0.05571536408708023
[input_vals] [-1.501 ,  0.    , -0.2715,  1.4137,  1.7714, -0.001 ,  0.0788,  0.3155,  0.95  ]
[output] 0.05931707929631578
[input_vals] [-1.501 ,  0.    , -0.2715,  1.4137,  1.81  , -0.0396, -0.0451,  0.3527,  0.95  ]
[output] 0.11388405959416795
[input_vals] [-1.501 ,  0.    , -0.2715,  1.4137,  1.6966, -0.0797, -0.0973,  0.3158,  0.95  ]
[output] 0.1245237374658004
[input_vals] [-1.501 ,  0.    , -0.2715,  1.4137,  1.794 ,  0.0944, -0.0987,  0.3821,  0.95  ]
[output] 0.1842646961686194
[input_vals] [-1.501 ,  0.    , -0.2715,  1.4137,  1.8264, -0.0558, -0.0404,  0.3455,  0.95  ]
[output] 0.13227041074208265
[input_vals] [-1.501 ,  0.    , -0.2715,  1.4137,  1.6571,  0.0437,  0.0032,  0.3861,  0.95  ]
[output] 0.11554032918016395
[input_vals] [-1.501 ,  0.    , -0.2715,  1.4137,  1.7395,  0.0779,  0.0733,  0.3295,  0.95  ]
[output] 0.05767851181838652
[input_vals] [-1.501 ,  0.    , -0.2715,  1.4137,  1.6722,  0.0573, -0.0758,  0.2673,  0.95  ]
[output] 0.14786148413216438
[input_vals] [-1.501 ,  0.    , -0.2715,  1.4137,  1.8262, -0.0261, -0.0981,  0.3618,  0.95  ]
[output] 0.15935726087608296
[input_vals] [-1.501 ,  0.    , -0.2715,  1.4137,  1.6628,  0.0041,  0.046 ,  0.4291,  0.95  ]
[output] 0.10825094098186519
[input_vals] [-1.501 ,  0.    , -0.2715,  1.4137,  1.7289,  0.0339, -0.0716,  0.4557,  0.95  ]
[output] 0.10051710528999486
[input_vals] [-1.501 ,  0.    , -0.2715,  1.4137,  1.7601, -0.0554, -0.0312,  0.4514,  0.95  ]
[output] 0.10706632208351664
[input_vals] [-1.501 ,  0.    , -0.2715,  1.4137,  1.7578, -0.0289,  0.0524,  0.3562,  0.95  ]
[output] 0.061087294013406124
[input_vals] [-1.501 ,  0.    , -0.2715,  1.4137,  1.6553, -0.0563,  0.0228,  0.3814,  0.95  ]
[output] 0.17568783951261388
[input_vals] [-1.501 ,  0.    , -0.2715,  1.4137,  1.7175, -0.0108, -0.0814,  0.3363,  0.95  ]
[output] 0.06290307441582291
[input_vals] [-1.501 ,  0.    , -0.2715,  1.4137,  1.6516, -0.0138,  0.0509,  0.3423,  0.95  ]
[output] 0.16932752237804005
[input_vals] [-1.501 ,  0.    , -0.2715,  1.4137,  1.7648,  0.0404,  0.0704,  0.3788,  0.95  ]
[output] 0.08088674921469607
[input_vals] [-1.501 ,  0.    , -0.2715,  1.4137,  1.7867, -0.072 , -0.0749,  0.3645,  0.95  ]
[output] 0.09500064169978621
[input_vals] [-1.501 ,  0.    , -0.2715,  1.4137,  1.629 , -0.0378,  0.0101,  0.4474,  0.95  ]
[output] 0.18296971344627688
[input_vals] [-1.501 ,  0.    , -0.2715,  1.4137,  1.7608, -0.0576,  0.0187,  0.4545,  0.95  ]
[output] 0.10118818859551527
[input_vals] [-1.501 ,  0.    , -0.2715,  1.4137,  1.8088,  0.0288,  0.0857,  0.3122,  0.95  ]
[output] 0.10813380375463194
[input_vals] [-1.501 ,  0.    , -0.2715,  1.4137,  1.7683,  0.0938,  0.0663,  0.2948,  0.95  ]
[output] 0.08001376865458057
[input_vals] [-1.501 ,  0.    , -0.2715,  1.4137,  1.8017, -0.0995, -0.0404,  0.3844,  0.95  ]
[output] 0.13249106536586505
[input_vals] [-1.501 ,  0.    , -0.2715,  1.4137,  1.6759,  0.0695, -0.0792,  0.44  ,  0.95  ]
[output] 0.09854968173159946
[input_vals] [-1.501 ,  0.    , -0.2715,  1.4137,  1.7669, -0.0616, -0.044 ,  0.2674,  0.95  ]
[output] 0.05216681029094627
[input_vals] [-1.501 ,  0.    , -0.2715,  1.4137,  1.8161,  0.0987,  0.0219,  0.3247,  0.95  ]
[output] 0.15955782372195243
[input_vals] [-1.501 ,  0.    , -0.2715,  1.4137,  1.6852, -0.0305, -0.0108,  0.3392,  0.95  ]
[output] 0.11819541312385808
[input_vals] [-1.501 ,  0.    , -0.2715,  1.4137,  1.678 ,  0.0486, -0.0236,  0.3824,  0.95  ]
[output] 0.08761280422334912
[input_vals] [-1.501 ,  0.    , -0.2715,  1.4137,  1.6418,  0.0582,  0.0527,  0.4114,  0.95  ]
[output] 0.12625185622371918
[input_vals] [-1.501 ,  0.    , -0.2715,  1.4137,  1.7838,  0.0063,  0.0412,  0.3885,  0.95  ]
[output] 0.09447116936316165
[input_vals] [-1.501 ,  0.    , -0.2715,  1.4137,  1.6748,  0.0816, -0.0407,  0.2699,  0.95  ]
[output] 0.1321231414434052
[input_vals] [-1.501 ,  0.    , -0.2715,  1.4137,  1.6548,  0.0442,  0.0516,  0.3466,  0.95  ]
[output] 0.13153772878408965
[input_vals] [-1.501 ,  0.    , -0.2715,  1.4137,  1.7076, -0.0389, -0.0211,  0.3347,  0.95  ]
[output] 0.08842415228744889
[input_vals] [-1.501 ,  0.    , -0.2715,  1.4137,  1.7143,  0.0602,  0.0421,  0.2685,  0.95  ]
[output] 0.0601389234312156
[input_vals] [-1.501 ,  0.    , -0.2715,  1.4137,  1.7197,  0.0592,  0.0024,  0.3774,  0.95  ]
[output] 0.06461617326002474
[input_vals] [-1.501 ,  0.    , -0.2715,  1.4137,  1.748 , -0.0714,  0.011 ,  0.387 ,  0.95  ]
[output] 0.07656278966414524
[input_vals] [-1.501 ,  0.    , -0.2715,  1.4137,  1.7528,  0.015 , -0.0296,  0.3175,  0.95  ]
[output] 0.05534775156634818
[input_vals] [-1.501 ,  0.    , -0.2715,  1.4137,  1.7343,  0.025 ,  0.0481,  0.3037,  0.95  ]
[output] 0.04486074593994611
[input_vals] [-1.501 ,  0.    , -0.2715,  1.4137,  1.6506,  0.0166, -0.0528,  0.3327,  0.95  ]
[output] 0.1657798994494441
[input_vals] [-1.501 ,  0.    , -0.2715,  1.4137,  1.8264, -0.0115, -0.0843,  0.3828,  0.95  ]
[output] 0.17140328060868099
[input_vals] [-1.501 ,  0.    , -0.2715,  1.4137,  1.6598, -0.0537, -0.0159,  0.3765,  0.95  ]
[output] 0.16230761914325753
[input_vals] [-1.501 ,  0.    , -0.2715,  1.4137,  1.6293,  0.0686,  0.038 ,  0.2908,  0.95  ]
[output] 0.20708333854800365
[input_vals] [-1.501 ,  0.    , -0.2715,  1.4137,  1.816 , -0.087 ,  0.0421,  0.3513,  0.95  ]
[output] 0.12281701718061158
[input_vals] [-1.501 ,  0.    , -0.2715,  1.4137,  1.7949, -0.0778, -0.0118,  0.4041,  0.95  ]
[output] 0.1265773623138951
[input_vals] [-1.501 ,  0.    , -0.2715,  1.4137,  1.7208, -0.0399,  0.0685,  0.2862,  0.95  ]
[output] 0.09948314090397047
[input_vals] [-1.501 ,  0.    , -0.2715,  1.4137,  1.6341, -0.0245, -0.031 ,  0.2861,  0.95  ]
[output] 0.2421462620132324
[input_vals] [-1.501 ,  0.    , -0.2715,  1.4137,  1.6327, -0.0291,  0.0239,  0.288 ,  0.95  ]
[output] 0.24314704536272605
[input_vals] [-1.501 ,  0.    , -0.2715,  1.4137,  1.7135, -0.0539,  0.0132,  0.4593,  0.95  ]
[output] 0.07866951428356521
[input_vals] [-1.501 ,  0.    , -0.2715,  1.4137,  1.6529,  0.0787, -0.0821,  0.3788,  0.95  ]
[output] 0.1390731392650117
[input_vals] [-1.501 ,  0.    , -0.2715,  1.4137,  1.6725,  0.0856, -0.0664,  0.3578,  0.95  ]
[output] 0.1148054346324887
[input_vals] [-1.501 ,  0.    , -0.2715,  1.4137,  1.6584,  0.0854,  0.0954,  0.3792,  0.95  ]
[output] 0.10472457327180609
[input_vals] [-1.501 ,  0.    , -0.2715,  1.4137,  1.6973, -0.0716, -0.0273,  0.3672,  0.95  ]
[output] 0.11119409517079189
[input_vals] [-1.501 ,  0.    , -0.2715,  1.4137,  1.8061, -0.0591, -0.0497,  0.4545,  0.95  ]
[output] 0.18170507404472686
[input_vals] [-1.501 ,  0.    , -0.2715,  1.4137,  1.6689,  0.0613,  0.0658,  0.3375,  0.95  ]
[output] 0.1044917408894086
[input_vals] [-1.501 ,  0.    , -0.2715,  1.4137,  1.7213, -0.0773, -0.0946,  0.375 ,  0.95  ]
[output] 0.06886122144640382
[input_vals] [-1.501 ,  0.    , -0.2715,  1.4137,  1.7221, -0.0451, -0.0426,  0.4154,  0.95  ]
[output] 0.06334145450204157
[input_vals] [-1.501 ,  0.    , -0.2715,  1.4137,  1.6528,  0.0901, -0.0085,  0.3871,  0.95  ]
[output] 0.11898233078477542
[input_vals] [-1.501 ,  0.    , -0.2715,  1.4137,  1.6775,  0.0514,  0.072 ,  0.3541,  0.95  ]
[output] 0.08706541434566893
[input_vals] [-1.501 ,  0.    , -0.2715,  1.4137,  1.6791,  0.0373, -0.0945,  0.4494,  0.95  ]
[output] 0.09058188798086145
[input_vals] [-1.501 ,  0.    , -0.2715,  1.4137,  1.8135,  0.0553, -0.0531,  0.3874,  0.95  ]
[output] 0.17030402591882332
[input_vals] [-1.501 ,  0.    , -0.2715,  1.4137,  1.6312, -0.076 , -0.0182,  0.35  ,  0.95  ]
[output] 0.24758868948758975
[input_vals] [-1.501 ,  0.    , -0.2715,  1.4137,  1.8275, -0.007 , -0.0766,  0.2891,  0.95  ]
[output] 0.12262375692110465
[input_vals] [-1.501 ,  0.    , -0.2715,  1.4137,  1.7482,  0.0431,  0.0677,  0.3106,  0.95  ]
[output] 0.04752454147346832
[input_vals] [-1.501 ,  0.    , -0.2715,  1.4137,  1.7063,  0.0074,  0.0816,  0.3571,  0.95  ]
[output] 0.06955674359440268
[input_vals] [-1.501 ,  0.    , -0.2715,  1.4137,  1.6371, -0.0666, -0.0667,  0.328 ,  0.95  ]
[output] 0.23685875177763993
[input_vals] [-1.501 ,  0.    , -0.2715,  1.4137,  1.7552, -0.0883, -0.0442,  0.3411,  0.95  ]
[output] 0.06933525636394901
[input_vals] [-1.501 ,  0.    , -0.2715,  1.4137,  1.7018, -0.0842, -0.0461,  0.4149,  0.95  ]
[output] 0.09377316386981624
[input_vals] [-1.501 ,  0.    , -0.2715,  1.4137,  1.6915,  0.0405,  0.0447,  0.3276,  0.95  ]
[output] 0.07762297027314229
[input_vals] [-1.501 ,  0.    , -0.2715,  1.4137,  1.7621,  0.0611, -0.0801,  0.2883,  0.95  ]
[output] 0.09789111038882564
[input_vals] [-1.501 ,  0.    , -0.2715,  1.4137,  1.7538, -0.0026,  0.0015,  0.3707,  0.95  ]
[output] 0.05812857616169793
[input_vals] [-1.501 ,  0.    , -0.2715,  1.4137,  1.7012,  0.0962, -0.0972,  0.4453,  0.95  ]
[output] 0.12219337820394317
[input_vals] [-1.501 ,  0.    , -0.2715,  1.4137,  1.6933,  0.044 , -0.0588,  0.3011,  0.95  ]
[output] 0.09636519821129018
[input_vals] [-1.501 ,  0.    , -0.2715,  1.4137,  1.7419, -0.0906,  0.095 ,  0.3124,  0.95  ]
[output] 0.1232296076809106
[input_vals] [-1.501 ,  0.    , -0.2715,  1.4137,  1.7308,  0.0183,  0.0371,  0.3999,  0.95  ]
[output] 0.05406909585445445
[input_vals] [-1.501 ,  0.    , -0.2715,  1.4137,  1.711 ,  0.0015,  0.0976,  0.4433,  0.95  ]
[output] 0.0667834923254093
[input_vals] [-1.501 ,  0.    , -0.2715,  1.4137,  1.692 ,  0.0637,  0.0022,  0.343 ,  0.95  ]
[output] 0.07527848633404129
[input_vals] [-1.501 ,  0.    , -0.2715,  1.4137,  1.6625, -0.0847,  0.0896,  0.346 ,  0.95  ]
[output] 0.20710775489918032
[input_vals] [-1.501 ,  0.    , -0.2715,  1.4137,  1.7226, -0.089 ,  0.0409,  0.3988,  0.95  ]
[output] 0.10814595484074584
[input_vals] [-1.501 ,  0.    , -0.2715,  1.4137,  1.6488,  0.0135, -0.0266,  0.4148,  0.95  ]
[output] 0.1314443357330271
[input_vals] [-1.501 ,  0.    , -0.2715,  1.4137,  1.6312, -0.0917, -0.0457,  0.4538,  0.95  ]
[output] 0.19305362424458117
[input_vals] [-1.501 ,  0.    , -0.2715,  1.4137,  1.7089,  0.0474, -0.0938,  0.4082,  0.95  ]
[output] 0.09088067787781981
[input_vals] [-1.501 ,  0.    , -0.2715,  1.4137,  1.6898, -0.0044,  0.0557,  0.4125,  0.95  ]
[output] 0.0815313896201486
[input_vals] [-1.501 ,  0.    , -0.2715,  1.4137,  1.7828,  0.0572, -0.0124,  0.3729,  0.95  ]
[output] 0.11875520841531773
[input_vals] [-1.501 ,  0.    , -0.2715,  1.4137,  1.6898, -0.0496,  0.0043,  0.4492,  0.95  ]
[output] 0.09104713373317182
[input_vals] [-1.501 ,  0.    , -0.2715,  1.4137,  1.7106, -0.0736,  0.034 ,  0.3527,  0.95  ]
[output] 0.11524345421912932
[input_vals] [-1.501 ,  0.    , -0.2715,  1.4137,  1.8003, -0.0325, -0.0623,  0.4071,  0.95  ]
[output] 0.13871697099198774
[input_vals] [-1.501 ,  0.    , -0.2715,  1.4137,  1.6998,  0.0691, -0.0789,  0.3695,  0.95  ]
[output] 0.09246171590700657
[input_vals] [-1.501 ,  0.    , -0.2715,  1.4137,  1.6731,  0.066 ,  0.0744,  0.3225,  0.95  ]
[output] 0.10277958088312013
[input_vals] [-1.501 ,  0.    , -0.2715,  1.4137,  1.8045,  0.0613,  0.0296,  0.4398,  0.95  ]
[output] 0.16890865387468582
[input_vals] [-1.501 ,  0.    , -0.2715,  1.4137,  1.8045, -0.0576,  0.0386,  0.4026,  0.95  ]
[output] 0.12457499184062017
[input_vals] [-1.501 ,  0.    , -0.2715,  1.4137,  1.6502, -0.0237,  0.0286,  0.2948,  0.95  ]
[output] 0.19955949280826246
[input_vals] [-1.501 ,  0.    , -0.2715,  1.4137,  1.6459, -0.0708,  0.0371,  0.4399,  0.95  ]
[output] 0.18168423760106156
[input_vals] [-1.501 ,  0.    , -0.2715,  1.4137,  1.6516,  0.0161, -0.0763,  0.338 ,  0.95  ]
[output] 0.16395806461082496
[input_vals] [-1.501 ,  0.    , -0.2715,  1.4137,  1.668 ,  0.012 , -0.0164,  0.4154,  0.95  ]
[output] 0.09849095936623292
[input_vals] [-1.501 ,  0.    , -0.2715,  1.4137,  1.6824, -0.0957, -0.0043,  0.44  ,  0.95  ]
[output] 0.12988621291436464
[input_vals] [-1.501 ,  0.    , -0.2715,  1.4137,  1.6554, -0.0035,  0.0094,  0.3421,  0.95  ]
[output] 0.15625782586535444
[input_vals] [-1.501 ,  0.    , -0.2715,  1.4137,  1.7312, -0.0223, -0.007 ,  0.4206,  0.95  ]
[output] 0.05912701695803863
[input_vals] [-1.501 ,  0.    , -0.2715,  1.4137,  1.7641, -0.0587,  0.0861,  0.357 ,  0.95  ]
[output] 0.08463116634012331
[input_vals] [-1.501 ,  0.    , -0.2715,  1.4137,  1.8256,  0.0481, -0.0485,  0.4381,  0.95  ]
[output] 0.20356037972140398
[input_vals] [-1.501 ,  0.    , -0.2715,  1.4137,  1.6348, -0.0626, -0.0599,  0.3511,  0.95  ]
[output] 0.22728532933108855
[input_vals] [-1.501 ,  0.    , -0.2715,  1.4137,  1.7613,  0.0291,  0.0259,  0.4622,  0.95  ]
[output] 0.10513266504405523
[input_vals] [-1.501 ,  0.    , -0.2715,  1.4137,  1.7275, -0.073 ,  0.0914,  0.2804,  0.95  ]
[output] 0.12596391112259042
[input_vals] [-1.501 ,  0.    , -0.2715,  1.4137,  1.7965,  0.0435, -0.0625,  0.4063,  0.95  ]
[output] 0.15435373820403755
[input_vals] [-1.501 ,  0.    , -0.2715,  1.4137,  1.6598, -0.0674,  0.0695,  0.3812,  0.95  ]
[output] 0.18280206114644246
[input_vals] [-1.501 ,  0.    , -0.2715,  1.4137,  1.6845,  0.0381,  0.0646,  0.4656,  0.95  ]
[output] 0.06436726257722758
[input_vals] [-1.501 ,  0.    , -0.2715,  1.4137,  1.6347,  0.0118,  0.0591,  0.4216,  0.95  ]
[output] 0.15542024350359737
[input_vals] [-1.501 ,  0.    , -0.2715,  1.4137,  1.8109, -0.0936, -0.056 ,  0.392 ,  0.95  ]
[output] 0.15040496285665808
[input_vals] [-1.501 ,  0.    , -0.2715,  1.4137,  1.6587, -0.0256,  0.0624,  0.2932,  0.95  ]
[output] 0.18434343442581008
[input_vals] [-1.501 ,  0.    , -0.2715,  1.4137,  1.7399,  0.054 , -0.0474,  0.4129,  0.95  ]
[output] 0.09746455083652125
[input_vals] [-1.501 ,  0.    , -0.2715,  1.4137,  1.8082,  0.0046,  0.0621,  0.3509,  0.95  ]
[output] 0.11166533426714499
[input_vals] [-1.501 ,  0.    , -0.2715,  1.4137,  1.8179,  0.018 , -0.0904,  0.3463,  0.95  ]
[output] 0.152673716099135
[input_vals] [-1.501 ,  0.    , -0.2715,  1.4137,  1.8237, -0.012 , -0.0751,  0.3281,  0.95  ]
[output] 0.13407859799129054
[input_vals] [-1.501 ,  0.    , -0.2715,  1.4137,  1.8088,  0.0961,  0.0979,  0.4426,  0.95  ]
[output] 0.1926675882145862
[input_vals] [-1.501 ,  0.    , -0.2715,  1.4137,  1.8047, -0.0199, -0.0852,  0.4599,  0.95  ]
[output] 0.18808967881715974
[input_vals] [-1.501 ,  0.    , -0.2715,  1.4137,  1.7176,  0.0304, -0.0815,  0.3427,  0.95  ]
[output] 0.07159489274450176
[input_vals] [-1.501 ,  0.    , -0.2715,  1.4137,  1.7717, -0.0242,  0.058 ,  0.4357,  0.95  ]
[output] 0.0946071778495152
[input_vals] [-1.501 ,  0.    , -0.2715,  1.4137,  1.7585, -0.0444,  0.0455,  0.4554,  0.95  ]
[output] 0.09223147932088963
[input_vals] [-1.501 ,  0.    , -0.2715,  1.4137,  1.6328,  0.0045, -0.0366,  0.268 ,  0.95  ]
[output] 0.24050975122828902
[input_vals] [-1.501 ,  0.    , -0.2715,  1.4137,  1.7721, -0.0564,  0.0265,  0.3191,  0.95  ]
[output] 0.06439512921710142
[input_vals] [-1.501 ,  0.    , -0.2715,  1.4137,  1.7399,  0.0484, -0.0234,  0.3256,  0.95  ]
[output] 0.06553700337180011
[input_vals] [-1.501 ,  0.    , -0.2715,  1.4137,  1.8208,  0.044 , -0.0526,  0.2791,  0.95  ]
[output] 0.13115781675915217
[input_vals] [-1.501 ,  0.    , -0.2715,  1.4137,  1.8148, -0.0635,  0.0451,  0.3566,  0.95  ]
[output] 0.11580427511740575
[input_vals] [-1.501 ,  0.    , -0.2715,  1.4137,  1.684 ,  0.0661, -0.0912,  0.3839,  0.95  ]
[output] 0.10158567126081895
[input_vals] [-1.501 ,  0.    , -0.2715,  1.4137,  1.761 ,  0.0774, -0.0715,  0.3157,  0.95  ]
[output] 0.11272599324635948
[input_vals] [-1.501 ,  0.    , -0.2715,  1.4137,  1.7222, -0.0134,  0.0925,  0.4558,  0.95  ]
[output] 0.07208833674980959
[input_vals] [-1.501 ,  0.    , -0.2715,  1.4137,  1.6831,  0.0564,  0.0478,  0.4644,  0.95  ]
[output] 0.06510922187852954
[input_vals] [-1.501 ,  0.    , -0.2715,  1.4137,  1.7221, -0.0746, -0.0518,  0.3291,  0.95  ]
[output] 0.0860616027598182
[input_vals] [-1.501 ,  0.    , -0.2715,  1.4137,  1.6447,  0.083 ,  0.0245,  0.3357,  0.95  ]
[output] 0.1492437427548582
[input_vals] [-1.501 ,  0.    , -0.2715,  1.4137,  1.7579, -0.0748, -0.0381,  0.3197,  0.95  ]
[output] 0.061656428042806716
[input_vals] [-1.501 ,  0.    , -0.2715,  1.4137,  1.6624,  0.0291, -0.0284,  0.3716,  0.95  ]
[output] 0.11914206934422318
[input_vals] [-1.501 ,  0.    , -0.2715,  1.4137,  1.668 ,  0.0532,  0.0535,  0.43  ,  0.95  ]
[output] 0.08125653971197733
[input_vals] [-1.501 ,  0.    , -0.2715,  1.4137,  1.6595, -0.0408, -0.097 ,  0.4228,  0.95  ]
[output] 0.12288856917909423
[input_vals] [-1.501 ,  0.    , -0.2715,  1.4137,  1.6773, -0.0813, -0.0251,  0.2794,  0.95  ]
[output] 0.19225477227957474
[input_vals] [-1.501 ,  0.    , -0.2715,  1.4137,  1.8181,  0.0696, -0.0335,  0.3098,  0.95  ]
[output] 0.14968527914609128
[input_vals] [-1.501 ,  0.    , -0.2715,  1.4137,  1.7625, -0.0171,  0.0736,  0.3881,  0.95  ]
[output] 0.07129815980911056
[input_vals] [-1.501 ,  0.    , -0.2715,  1.4137,  1.7053,  0.0473, -0.0342,  0.3295,  0.95  ]
[output] 0.07147278682386136
[input_vals] [-1.501 ,  0.    , -0.2715,  1.4137,  1.796 , -0.0132, -0.0299,  0.2712,  0.95  ]
[output] 0.063936960536352
[input_vals] [-1.501 ,  0.    , -0.2715,  1.4137,  1.7029,  0.0103,  0.0727,  0.308 ,  0.95  ]
[output] 0.08205748275392762
[input_vals] [-1.501 ,  0.    , -0.2715,  1.4137,  1.6729, -0.0195, -0.0933,  0.288 ,  0.95  ]
[output] 0.15759135971204513
[input_vals] [-1.501 ,  0.    , -0.2715,  1.4137,  1.7445, -0.011 , -0.0467,  0.3791,  0.95  ]
[output] 0.0611153646370451
[input_vals] [-1.501 ,  0.    , -0.2715,  1.4137,  1.64  , -0.0043,  0.0394,  0.4234,  0.95  ]
[output] 0.15381204847394409
[input_vals] [-1.501 ,  0.    , -0.2715,  1.4137,  1.7602, -0.0447, -0.0529,  0.3499,  0.95  ]
[output] 0.05828947573128931
[input_vals] [-1.501 ,  0.    , -0.2715,  1.4137,  1.6719,  0.0551,  0.0495,  0.4024,  0.95  ]
[output] 0.0817168101957238
[input_vals] [-1.501 ,  0.    , -0.2715,  1.4137,  1.7831,  0.0602, -0.0946,  0.3986,  0.95  ]
[output] 0.1576740502869803
[input_vals] [-1.501 ,  0.    , -0.2715,  1.4137,  1.7258, -0.0709, -0.0638,  0.3427,  0.95  ]
[output] 0.07308987717064698
[input_vals] [-1.501 ,  0.    , -0.2715,  1.4137,  1.7529,  0.0766,  0.0257,  0.3209,  0.95  ]
[output] 0.07555039258253503
[input_vals] [-1.501 ,  0.    , -0.2715,  1.4137,  1.7087,  0.0656, -0.065 ,  0.2681,  0.95  ]
[output] 0.08972872252532639
[input_vals] [-1.501 ,  0.    , -0.2715,  1.4137,  1.7828, -0.0586,  0.0938,  0.3185,  0.95  ]
[output] 0.08562539285670785
[input_vals] [-1.501 ,  0.    , -0.2715,  1.4137,  1.6949,  0.0348,  0.0165,  0.392 ,  0.95  ]
[output] 0.06374521043206811
[input_vals] [-1.501 ,  0.    , -0.2715,  1.4137,  1.6662,  0.0629,  0.023 ,  0.4341,  0.95  ]
[output] 0.0838202752302687
[input_vals] [-1.501 ,  0.    , -0.2715,  1.4137,  1.6643,  0.0231,  0.0956,  0.3282,  0.95  ]
[output] 0.13251570594397183
[input_vals] [-1.501 ,  0.    , -0.2715,  1.4137,  1.6444,  0.0468,  0.0919,  0.4018,  0.95  ]
[output] 0.12834639976905476
[input_vals] [-1.501 ,  0.    , -0.2715,  1.4137,  1.6777, -0.0549,  0.0943,  0.3478,  0.95  ]
[output] 0.15682966263595374
[input_vals] [-1.501 ,  0.    , -0.2715,  1.4137,  1.7378,  0.0109,  0.0677,  0.3167,  0.95  ]
[output] 0.04840284016603091
[input_vals] [-1.501 ,  0.    , -0.2715,  1.4137,  1.6346, -0.0103,  0.0959,  0.4129,  0.95  ]
[output] 0.17368383671780496
[input_vals] [-1.501 ,  0.    , -0.2715,  1.4137,  1.8198, -0.0161, -0.0662,  0.4272,  0.95  ]
[output] 0.18317951200831545
[input_vals] [-1.501 ,  0.    , -0.2715,  1.4137,  1.7973,  0.021 , -0.0704,  0.391 ,  0.95  ]
[output] 0.1415454837629231
[input_vals] [-1.501 ,  0.    , -0.2715,  1.4137,  1.683 , -0.084 , -0.0114,  0.29  ,  0.95  ]
[output] 0.18025556168987028
[input_vals] [-1.501 ,  0.    , -0.2715,  1.4137,  1.8082, -0.0075,  0.0839,  0.4246,  0.95  ]
[output] 0.14135311539608858
[input_vals] [-1.501 ,  0.    , -0.2715,  1.4137,  1.6478, -0.0378,  0.0537,  0.3938,  0.95  ]
[output] 0.17403197256158515
[input_vals] [-1.501 ,  0.    , -0.2715,  1.4137,  1.6602, -0.0365,  0.0335,  0.3948,  0.95  ]
[output] 0.14864614746270055
[input_vals] [-1.501 ,  0.    , -0.2715,  1.4137,  1.648 ,  0.0651, -0.0764,  0.4318,  0.95  ]
[output] 0.12569546624823333
[input_vals] [-1.501 ,  0.    , -0.2715,  1.4137,  1.7878, -0.0039, -0.0415,  0.3339,  0.95  ]
[output] 0.08571166174135933
[input_vals] [-1.501 ,  0.    , -0.2715,  1.4137,  1.8015,  0.0129, -0.0338,  0.4322,  0.95  ]
[output] 0.15135207749646654
[input_vals] [-1.501 ,  0.    , -0.2715,  1.4137,  1.7991,  0.025 ,  0.0854,  0.3298,  0.95  ]
[output] 0.10039044640289578
[input_vals] [-1.501 ,  0.    , -0.2715,  1.4137,  1.6565,  0.054 , -0.0553,  0.4106,  0.95  ]
[output] 0.11512283685316133
[input_vals] [-1.501 ,  0.    , -0.2715,  1.4137,  1.6663, -0.0623, -0.0826,  0.4597,  0.95  ]
[output] 0.1064250248976667
[input_vals] [-1.501 ,  0.    , -0.2715,  1.4137,  1.6312, -0.0118, -0.0274,  0.331 ,  0.95  ]
[output] 0.21835293387092955
[input_vals] [-1.501 ,  0.    , -0.2715,  1.4137,  1.8092, -0.0233, -0.0255,  0.3593,  0.95  ]
[output] 0.1142602887363518
[input_vals] [-1.501 ,  0.    , -0.2715,  1.4137,  1.8207,  0.0989,  0.0973,  0.3338,  0.95  ]
[output] 0.16178523586626584
[input_vals] [-1.501 ,  0.    , -0.2715,  1.4137,  1.717 ,  0.0783,  0.0556,  0.2704,  0.95  ]
[output] 0.056327116772078835
[input_vals] [-1.501 ,  0.    , -0.2715,  1.4137,  1.8164,  0.0058, -0.0847,  0.4432,  0.95  ]
[output] 0.19639830140094242
[input_vals] [-1.501 ,  0.    , -0.2715,  1.4137,  1.7667,  0.0553, -0.0156,  0.4299,  0.95  ]
[output] 0.11993124640294957
[input_vals] [-1.501 ,  0.    , -0.2715,  1.4137,  1.7979, -0.0134,  0.0699,  0.3273,  0.95  ]
[output] 0.08578254551839301
[input_vals] [-1.501 ,  0.    , -0.2715,  1.4137,  1.6594, -0.0633,  0.0014,  0.351 ,  0.95  ]
[output] 0.1834929322588708
[input_vals] [-1.501 ,  0.    , -0.2715,  1.4137,  1.8152,  0.0395, -0.0552,  0.3566,  0.95  ]
[output] 0.15263919598900277
[input_vals] [-1.501 ,  0.    , -0.2715,  1.4137,  1.6781,  0.0458, -0.0768,  0.4025,  0.95  ]
[output] 0.0940159338805458
[input_vals] [-1.501 ,  0.    , -0.2715,  1.4137,  1.6995, -0.0509,  0.054 ,  0.3111,  0.95  ]
[output] 0.12717029043141023
