[input_vals] [-1.1641,  1.0072,  1.0189,  0.692 ,  1.7279, -1.0472,  1.3963,  0.1222,  0.95  ]
[output] 0.10731067544511765
[input_vals] [-0.9919,  1.1337,  1.096 ,  0.8852,  1.7279, -1.0472,  1.3963,  0.1222,  0.95  ]
[output] 0.10136855200940471
[input_vals] [-1.14  ,  1.0309,  1.0524,  0.7163,  1.7279, -1.0472,  1.3963,  0.1222,  0.95  ]
[output] 0.09202020187276415
[input_vals] [-1.1814,  1.0952,  1.0222,  0.861 ,  1.7279, -1.0472,  1.3963,  0.1222,  0.95  ]
[output] 0.0728017533152851
[input_vals] [-1.1046,  1.0919,  0.9908,  0.7221,  1.7279, -1.0472,  1.3963,  0.1222,  0.95  ]
[output] 0.09632267312002248
[input_vals] [-1.0602,  0.9907,  1.0029,  0.8297,  1.7279, -1.0472,  1.3963,  0.1222,  0.95  ]
[output] 0.0756124895032712
[input_vals] [-1.0583,  1.0976,  1.1282,  0.6884,  1.7279, -1.0472,  1.3963,  0.1222,  0.95  ]
[output] 0.09161910651422327
[input_vals] [-1.1326,  1.0738,  1.0249,  0.8463,  1.7279, -1.0472,  1.3963,  0.1222,  0.95  ]
[output] 0.061942645722559746
[input_vals] [-1.0411,  1.0577,  1.043 ,  0.7599,  1.7279, -1.0472,  1.3963,  0.1222,  0.95  ]
[output] 0.06027695336653602
[input_vals] [-1.0219,  1.1041,  0.9784,  0.7562,  1.7279, -1.0472,  1.3963,  0.1222,  0.95  ]
[output] 0.11402790121399292
[input_vals] [-1.1273,  0.9967,  1.0153,  0.8664,  1.7279, -1.0472,  1.3963,  0.1222,  0.95  ]
[output] 0.10365389185939558
[input_vals] [-1.1524,  1.0925,  1.1061,  0.7109,  1.7279, -1.0472,  1.3963,  0.1222,  0.95  ]
[output] 0.106230723615776
[input_vals] [-1.088 ,  1.0929,  1.0049,  0.7226,  1.7279, -1.0472,  1.3963,  0.1222,  0.95  ]
[output] 0.09403980233881307
[input_vals] [-1.1223,  1.0678,  1.1388,  0.8771,  1.7279, -1.0472,  1.3963,  0.1222,  0.95  ]
[output] 0.08853682024903106
[input_vals] [-1.0363,  0.995 ,  1.147 ,  0.818 ,  1.7279, -1.0472,  1.3963,  0.1222,  0.95  ]
[output] 0.10086335192595264
[input_vals] [-1.1169,  1.0945,  0.9571,  0.7345,  1.7279, -1.0472,  1.3963,  0.1222,  0.95  ]
[output] 0.09986371528536808
[input_vals] [-1.1119,  1.1277,  0.9483,  0.8617,  1.7279, -1.0472,  1.3963,  0.1222,  0.95  ]
[output] 0.08858474943119643
[input_vals] [-0.991 ,  1.0466,  0.9526,  0.7207,  1.7279, -1.0472,  1.3963,  0.1222,  0.95  ]
[output] 0.09786734550257711
[input_vals] [-1.0932,  1.1237,  1.0691,  0.7318,  1.7279, -1.0472,  1.3963,  0.1222,  0.95  ]
[output] 0.10240773001092854
[input_vals] [-1.0994,  1.0343,  1.1286,  0.7064,  1.7279, -1.0472,  1.3963,  0.1222,  0.95  ]
[output] 0.0863948451860182
[input_vals] [-1.1065,  1.0685,  1.0767,  0.8006,  1.7279, -1.0472,  1.3963,  0.1222,  0.95  ]
[output] 0.06502887604549613
[input_vals] [-1.0898,  1.0943,  0.957 ,  0.8164,  1.7279, -1.0472,  1.3963,  0.1222,  0.95  ]
[output] 0.07792216557042818
[input_vals] [-1.1664,  1.0813,  1.0855,  0.8225,  1.7279, -1.0472,  1.3963,  0.1222,  0.95  ]
[output] 0.08468664165357935
[input_vals] [-1.166 ,  1.1001,  1.0996,  0.8117,  1.7279, -1.0472,  1.3963,  0.1222,  0.95  ]
[output] 0.08499601785015588
[input_vals] [-1.0759,  1.08  ,  0.9567,  0.7124,  1.7279, -1.0472,  1.3963,  0.1222,  0.95  ]
[output] 0.09795606300482054
[input_vals] [-1.1054,  1.0465,  0.978 ,  0.6929,  1.7279, -1.0472,  1.3963,  0.1222,  0.95  ]
[output] 0.08241408755781586
[input_vals] [-1.166 ,  0.9604,  1.1122,  0.8312,  1.7279, -1.0472,  1.3963,  0.1222,  0.95  ]
[output] 0.17279877911296493
[input_vals] [-1.0305,  0.9837,  0.9703,  0.8155,  1.7279, -1.0472,  1.3963,  0.1222,  0.95  ]
[output] 0.06970964784393953
[input_vals] [-1.152 ,  0.98  ,  1.0862,  0.7076,  1.7279, -1.0472,  1.3963,  0.1222,  0.95  ]
[output] 0.12737641155104448
[input_vals] [-0.992 ,  1.1058,  0.9894,  0.807 ,  1.7279, -1.0472,  1.3963,  0.1222,  0.95  ]
[output] 0.12364172870509525
[input_vals] [-1.144 ,  1.0805,  1.1135,  0.8626,  1.7279, -1.0472,  1.3963,  0.1222,  0.95  ]
[output] 0.08102064703948354
[input_vals] [-1.1647,  0.9986,  1.1207,  0.858 ,  1.7279, -1.0472,  1.3963,  0.1222,  0.95  ]
[output] 0.1489934869781816
[input_vals] [-1.1004,  1.0991,  0.9922,  0.8076,  1.7279, -1.0472,  1.3963,  0.1222,  0.95  ]
[output] 0.07333900676399846
[input_vals] [-1.0093,  1.137 ,  1.1094,  0.7408,  1.7279, -1.0472,  1.3963,  0.1222,  0.95  ]
[output] 0.10981891953409585
[input_vals] [-1.0529,  1.0795,  1.0092,  0.7671,  1.7279, -1.0472,  1.3963,  0.1222,  0.95  ]
[output] 0.07432025387696325
[input_vals] [-1.0998,  1.0692,  1.0869,  0.7258,  1.7279, -1.0472,  1.3963,  0.1222,  0.95  ]
[output] 0.0772885052790646
[input_vals] [-1.0829,  0.964 ,  1.0715,  0.8527,  1.7279, -1.0472,  1.3963,  0.1222,  0.95  ]
[output] 0.12837591058016598
[input_vals] [-1.0457,  1.0903,  1.0856,  0.7918,  1.7279, -1.0472,  1.3963,  0.1222,  0.95  ]
[output] 0.062401339254343546
[input_vals] [-0.9836,  1.0469,  0.9677,  0.6975,  1.7279, -1.0472,  1.3963,  0.1222,  0.95  ]
[output] 0.0988089409372991
[input_vals] [-1.11  ,  1.0111,  1.0495,  0.7488,  1.7279, -1.0472,  1.3963,  0.1222,  0.95  ]
[output] 0.08242774659403196
[input_vals] [-1.1543,  1.0197,  1.0299,  0.8032,  1.7279, -1.0472,  1.3963,  0.1222,  0.95  ]
[output] 0.09431215882693168
[input_vals] [-1.1415,  1.089 ,  1.0244,  0.8366,  1.7279, -1.0472,  1.3963,  0.1222,  0.95  ]
[output] 0.06436781579976483
[input_vals] [-1.074 ,  1.0929,  1.0234,  0.8547,  1.7279, -1.0472,  1.3963,  0.1222,  0.95  ]
[output] 0.06057116578674168
[input_vals] [-0.9847,  1.0516,  1.1269,  0.7122,  1.7279, -1.0472,  1.3963,  0.1222,  0.95  ]
[output] 0.061433506687397645
[input_vals] [-1.0474,  1.1332,  1.0137,  0.8795,  1.7279, -1.0472,  1.3963,  0.1222,  0.95  ]
[output] 0.09568063643811184
[input_vals] [-1.1557,  1.0945,  1.0744,  0.7714,  1.7279, -1.0472,  1.3963,  0.1222,  0.95  ]
[output] 0.08770168785597635
[input_vals] [-1.1238,  1.1346,  1.0866,  0.7857,  1.7279, -1.0472,  1.3963,  0.1222,  0.95  ]
[output] 0.08948672212083628
[input_vals] [-1.0091,  1.0786,  1.0786,  0.7446,  1.7279, -1.0472,  1.3963,  0.1222,  0.95  ]
[output] 0.07335979054378926
[input_vals] [-1.1619,  1.0128,  1.1398,  0.8281,  1.7279, -1.0472,  1.3963,  0.1222,  0.95  ]
[output] 0.13674265966189064
[input_vals] [-1.1765,  0.989 ,  1.0208,  0.7246,  1.7279, -1.0472,  1.3963,  0.1222,  0.95  ]
[output] 0.11879850889989894
[input_vals] [-1.156 ,  0.9775,  1.0163,  0.7143,  1.7279, -1.0472,  1.3963,  0.1222,  0.95  ]
[output] 0.11370217640489146
[input_vals] [-1.1295,  1.0347,  1.0928,  0.6931,  1.7279, -1.0472,  1.3963,  0.1222,  0.95  ]
[output] 0.09628972913331574
[input_vals] [-1.12  ,  1.0742,  0.9764,  0.8191,  1.7279, -1.0472,  1.3963,  0.1222,  0.95  ]
[output] 0.0611577490826882
[input_vals] [-1.1698,  1.0803,  1.1315,  0.749 ,  1.7279, -1.0472,  1.3963,  0.1222,  0.95  ]
[output] 0.10484509146799027
[input_vals] [-1.0586,  1.0396,  1.0344,  0.8159,  1.7279, -1.0472,  1.3963,  0.1222,  0.95  ]
[output] 0.05664388431524254
[input_vals] [-1.0429,  1.0756,  1.0325,  0.8265,  1.7279, -1.0472,  1.3963,  0.1222,  0.95  ]
[output] 0.06268058472394195
[input_vals] [-1.0933,  1.1239,  1.1467,  0.8835,  1.7279, -1.0472,  1.3963,  0.1222,  0.95  ]
[output] 0.0569291143098166
[input_vals] [-1.1384,  1.062 ,  1.1391,  0.8567,  1.7279, -1.0472,  1.3963,  0.1222,  0.95  ]
[output] 0.09572438443612477
[input_vals] [-1.016 ,  1.0501,  0.9629,  0.8086,  1.7279, -1.0472,  1.3963,  0.1222,  0.95  ]
[output] 0.08309773401120843
[input_vals] [-1.1574,  1.1456,  1.0136,  0.8753,  1.7279, -1.0472,  1.3963,  0.1222,  0.95  ]
[output] 0.07626665392396918
[input_vals] [-0.9835,  0.9569,  1.0756,  0.7931,  1.7279, -1.0472,  1.3963,  0.1222,  0.95  ]
[output] 0.09011523502728351
[input_vals] [-1.1439,  1.015 ,  1.0023,  0.779 ,  1.7279, -1.0472,  1.3963,  0.1222,  0.95  ]
[output] 0.08456356329034793
[input_vals] [-1.0639,  1.0469,  1.083 ,  0.7467,  1.7279, -1.0472,  1.3963,  0.1222,  0.95  ]
[output] 0.06122091617943479
[input_vals] [-1.0607,  1.145 ,  1.0323,  0.8703,  1.7279, -1.0472,  1.3963,  0.1222,  0.95  ]
[output] 0.09133337317090065
[input_vals] [-1.1072,  1.0809,  1.1075,  0.7911,  1.7279, -1.0472,  1.3963,  0.1222,  0.95  ]
[output] 0.06851653961967727
[input_vals] [-1.0408,  1.0633,  1.0999,  0.735 ,  1.7279, -1.0472,  1.3963,  0.1222,  0.95  ]
[output] 0.0617776729481343
[input_vals] [-1.1625,  0.9673,  1.0724,  0.8068,  1.7279, -1.0472,  1.3963,  0.1222,  0.95  ]
[output] 0.1486439845603765
[input_vals] [-1.0919,  1.083 ,  1.0795,  0.7562,  1.7279, -1.0472,  1.3963,  0.1222,  0.95  ]
[output] 0.07058209615448938
[input_vals] [-1.0326,  1.0052,  0.988 ,  0.8587,  1.7279, -1.0472,  1.3963,  0.1222,  0.95  ]
[output] 0.07526723044447467
[input_vals] [-1.109 ,  0.976 ,  0.9814,  0.7341,  1.7279, -1.0472,  1.3963,  0.1222,  0.95  ]
[output] 0.0839627169903413
[input_vals] [-0.9846,  1.0117,  1.1187,  0.8163,  1.7279, -1.0472,  1.3963,  0.1222,  0.95  ]
[output] 0.07349488147107379
[input_vals] [-1.101 ,  1.0714,  1.0309,  0.7366,  1.7279, -1.0472,  1.3963,  0.1222,  0.95  ]
[output] 0.07539099311878605
[input_vals] [-1.004 ,  1.063 ,  1.1211,  0.8796,  1.7279, -1.0472,  1.3963,  0.1222,  0.95  ]
[output] 0.07082844270838327
[input_vals] [-1.0526,  1.0815,  1.0024,  0.7505,  1.7279, -1.0472,  1.3963,  0.1222,  0.95  ]
[output] 0.08114533932796573
[input_vals] [-1.0703,  1.0117,  1.1237,  0.6869,  1.7279, -1.0472,  1.3963,  0.1222,  0.95  ]
[output] 0.08088580793699619
[input_vals] [-1.0851,  1.1239,  0.9833,  0.7723,  1.7279, -1.0472,  1.3963,  0.1222,  0.95  ]
[output] 0.10614670432014574
[input_vals] [-1.0107,  1.0408,  0.9523,  0.699 ,  1.7279, -1.0472,  1.3963,  0.1222,  0.95  ]
[output] 0.08719982545290916
[input_vals] [-1.0414,  1.0393,  1.0474,  0.8629,  1.7279, -1.0472,  1.3963,  0.1222,  0.95  ]
[output] 0.06523552685457082
[input_vals] [-1.1659,  1.0017,  1.0475,  0.7338,  1.7279, -1.0472,  1.3963,  0.1222,  0.95  ]
[output] 0.11312038753852481
[input_vals] [-1.0288,  1.1435,  0.9624,  0.7193,  1.7279, -1.0472,  1.3963,  0.1222,  0.95  ]
[output] 0.15933326744185924
[input_vals] [-0.9975,  1.0819,  0.9807,  0.8153,  1.7279, -1.0472,  1.3963,  0.1222,  0.95  ]
[output] 0.1078698821555591
[input_vals] [-1.0296,  1.1328,  1.0527,  0.879 ,  1.7279, -1.0472,  1.3963,  0.1222,  0.95  ]
[output] 0.09157130313582389
[input_vals] [-1.0036,  1.0689,  1.0705,  0.879 ,  1.7279, -1.0472,  1.3963,  0.1222,  0.95  ]
[output] 0.07863136275667015
[input_vals] [-1.0341,  0.9621,  1.1169,  0.8067,  1.7279, -1.0472,  1.3963,  0.1222,  0.95  ]
[output] 0.11435341574759697
[input_vals] [-1.1234,  1.1418,  1.0955,  0.8607,  1.7279, -1.0472,  1.3963,  0.1222,  0.95  ]
[output] 0.06754898858599136
[input_vals] [-1.1516,  0.9952,  1.0512,  0.7244,  1.7279, -1.0472,  1.3963,  0.1222,  0.95  ]
[output] 0.11034115217333998
[input_vals] [-1.082 ,  1.0271,  1.0617,  0.8609,  1.7279, -1.0472,  1.3963,  0.1222,  0.95  ]
[output] 0.07867116669461341
[input_vals] [-1.0983,  1.1205,  1.0151,  0.8114,  1.7279, -1.0472,  1.3963,  0.1222,  0.95  ]
[output] 0.08179030866778945
[input_vals] [-1.1215,  1.1361,  0.9588,  0.7732,  1.7279, -1.0472,  1.3963,  0.1222,  0.95  ]
[output] 0.11778957797285715
[input_vals] [-1.0137,  1.03  ,  0.9889,  0.8527,  1.7279, -1.0472,  1.3963,  0.1222,  0.95  ]
[output] 0.08043259614747551
[input_vals] [-1.0862,  1.0093,  1.0747,  0.8325,  1.7279, -1.0472,  1.3963,  0.1222,  0.95  ]
[output] 0.09048799087748469
[input_vals] [-1.0949,  1.0765,  1.0615,  0.8303,  1.7279, -1.0472,  1.3963,  0.1222,  0.95  ]
[output] 0.05747728552715136
[input_vals] [-1.1038,  1.0692,  1.1275,  0.7025,  1.7279, -1.0472,  1.3963,  0.1222,  0.95  ]
[output] 0.08693801105181426
[input_vals] [-1.0933,  1.0185,  1.1213,  0.7008,  1.7279, -1.0472,  1.3963,  0.1222,  0.95  ]
[output] 0.08757516773593495
[input_vals] [-1.1177,  1.0634,  1.0613,  0.7372,  1.7279, -1.0472,  1.3963,  0.1222,  0.95  ]
[output] 0.07803763193009934
[input_vals] [-1.0697,  1.0398,  0.9617,  0.742 ,  1.7279, -1.0472,  1.3963,  0.1222,  0.95  ]
[output] 0.06408719813642003
[input_vals] [-1.0423,  1.1071,  0.9562,  0.7212,  1.7279, -1.0472,  1.3963,  0.1222,  0.95  ]
[output] 0.12433255562126248
[input_vals] [-1.0812,  1.057 ,  0.9701,  0.8116,  1.7279, -1.0472,  1.3963,  0.1222,  0.95  ]
[output] 0.05836607070322679
[input_vals] [-1.1446,  1.1468,  1.0925,  0.7115,  1.7279, -1.0472,  1.3963,  0.1222,  0.95  ]
[output] 0.13115575502646748
[input_vals] [-0.9836,  0.9537,  0.9871,  0.8325,  1.7279, -1.0472,  1.3963,  0.1222,  0.95  ]
[output] 0.10180407646035664
[input_vals] [-1.1688,  1.0787,  0.9751,  0.698 ,  1.7279, -1.0472,  1.3963,  0.1222,  0.95  ]
[output] 0.11144228495402567
[input_vals] [-1.075 ,  1.0416,  1.1092,  0.8409,  1.7279, -1.0472,  1.3963,  0.1222,  0.95  ]
[output] 0.07539766565707469
[input_vals] [-1.1025,  1.1335,  1.0366,  0.7913,  1.7279, -1.0472,  1.3963,  0.1222,  0.95  ]
[output] 0.09290966813340307
[input_vals] [-1.087 ,  1.121 ,  1.0724,  0.7132,  1.7279, -1.0472,  1.3963,  0.1222,  0.95  ]
[output] 0.10696055581788681
[input_vals] [-1.0776,  1.0977,  1.0107,  0.8597,  1.7279, -1.0472,  1.3963,  0.1222,  0.95  ]
[output] 0.06372789484693922
[input_vals] [-1.0001,  1.0555,  1.1033,  0.6986,  1.7279, -1.0472,  1.3963,  0.1222,  0.95  ]
[output] 0.06675606346312414
[input_vals] [-1.1437,  1.0982,  1.0477,  0.8702,  1.7279, -1.0472,  1.3963,  0.1222,  0.95  ]
[output] 0.06224872744830826
[input_vals] [-0.9937,  0.9813,  1.1404,  0.6903,  1.7279, -1.0472,  1.3963,  0.1222,  0.95  ]
[output] 0.06882515399840967
[input_vals] [-1.1094,  1.0146,  1.106 ,  0.8732,  1.7279, -1.0472,  1.3963,  0.1222,  0.95  ]
[output] 0.11315444469519127
[input_vals] [-1.0077,  1.0081,  0.9711,  0.7505,  1.7279, -1.0472,  1.3963,  0.1222,  0.95  ]
[output] 0.0636224819970631
[input_vals] [-1.094 ,  0.9832,  1.0944,  0.7855,  1.7279, -1.0472,  1.3963,  0.1222,  0.95  ]
[output] 0.10986738367620552
[input_vals] [-1.1502,  0.9729,  1.0456,  0.74  ,  1.7279, -1.0472,  1.3963,  0.1222,  0.95  ]
[output] 0.12228816978686141
[input_vals] [-1.0755,  0.952 ,  0.976 ,  0.8292,  1.7279, -1.0472,  1.3963,  0.1222,  0.95  ]
[output] 0.0991002509678821
[input_vals] [-1.0134,  1.0699,  1.1417,  0.7062,  1.7279, -1.0472,  1.3963,  0.1222,  0.95  ]
[output] 0.06673758369665986
[input_vals] [-1.1044,  1.095 ,  0.9772,  0.8094,  1.7279, -1.0472,  1.3963,  0.1222,  0.95  ]
[output] 0.07287250073344355
[input_vals] [-1.004 ,  1.0278,  0.9568,  0.7804,  1.7279, -1.0472,  1.3963,  0.1222,  0.95  ]
[output] 0.07925626149095885
[input_vals] [-1.0695,  1.1374,  1.0398,  0.7899,  1.7279, -1.0472,  1.3963,  0.1222,  0.95  ]
[output] 0.09958246001458072
[input_vals] [-1.181 ,  1.0036,  1.1119,  0.8299,  1.7279, -1.0472,  1.3963,  0.1222,  0.95  ]
[output] 0.1441525567030728
[input_vals] [-1.0615,  1.115 ,  1.1061,  0.7798,  1.7279, -1.0472,  1.3963,  0.1222,  0.95  ]
[output] 0.07387003394203717
[input_vals] [-1.0142,  1.143 ,  1.1128,  0.7252,  1.7279, -1.0472,  1.3963,  0.1222,  0.95  ]
[output] 0.11779708810175826
[input_vals] [-1.0464,  1.0684,  1.1375,  0.8615,  1.7279, -1.0472,  1.3963,  0.1222,  0.95  ]
[output] 0.0632737969285708
[input_vals] [-1.1572,  0.9611,  1.1166,  0.7419,  1.7279, -1.0472,  1.3963,  0.1222,  0.95  ]
[output] 0.15373033787179213
[input_vals] [-1.0056,  0.9958,  1.0689,  0.8339,  1.7279, -1.0472,  1.3963,  0.1222,  0.95  ]
[output] 0.080004569257811
[input_vals] [-1.1812,  0.9529,  1.0019,  0.7146,  1.7279, -1.0472,  1.3963,  0.1222,  0.95  ]
[output] 0.13763606460755248
[input_vals] [-1.0368,  0.9962,  1.1373,  0.8851,  1.7279, -1.0472,  1.3963,  0.1222,  0.95  ]
[output] 0.11409761339594547
[input_vals] [-1.0519,  1.1352,  0.95  ,  0.7266,  1.7279, -1.0472,  1.3963,  0.1222,  0.95  ]
[output] 0.14696998904820735
[input_vals] [-1.0797,  1.1249,  1.1008,  0.881 ,  1.7279, -1.0472,  1.3963,  0.1222,  0.95  ]
[output] 0.056953485185963215
[input_vals] [-0.9981,  1.021 ,  1.1319,  0.7119,  1.7279, -1.0472,  1.3963,  0.1222,  0.95  ]
[output] 0.05637717150039868
[input_vals] [-1.0664,  0.9992,  1.0549,  0.7042,  1.7279, -1.0472,  1.3963,  0.1222,  0.95  ]
[output] 0.07094393100829904
[input_vals] [-1.1568,  0.964 ,  1.0115,  0.6954,  1.7279, -1.0472,  1.3963,  0.1222,  0.95  ]
[output] 0.12062838599672182
[input_vals] [-1.0376,  1.0444,  0.9869,  0.7875,  1.7279, -1.0472,  1.3963,  0.1222,  0.95  ]
[output] 0.06256890932039749
[input_vals] [-1.0034,  1.1256,  1.0292,  0.7109,  1.7279, -1.0472,  1.3963,  0.1222,  0.95  ]
[output] 0.1331730592197673
[input_vals] [-1.138 ,  1.0915,  1.1458,  0.8558,  1.7279, -1.0472,  1.3963,  0.1222,  0.95  ]
[output] 0.08053299005232893
[input_vals] [-1.1761,  1.0834,  1.0474,  0.7062,  1.7279, -1.0472,  1.3963,  0.1222,  0.95  ]
[output] 0.11221488996499186
[input_vals] [-1.0767,  0.9534,  0.9845,  0.8467,  1.7279, -1.0472,  1.3963,  0.1222,  0.95  ]
[output] 0.10460639522763628
[input_vals] [-1.0058,  0.9874,  1.1245,  0.721 ,  1.7279, -1.0472,  1.3963,  0.1222,  0.95  ]
[output] 0.07043649482837286
[input_vals] [-1.1168,  1.0907,  0.9636,  0.6936,  1.7279, -1.0472,  1.3963,  0.1222,  0.95  ]
[output] 0.1114692753939212
[input_vals] [-0.9837,  1.0715,  1.1338,  0.8666,  1.7279, -1.0472,  1.3963,  0.1222,  0.95  ]
[output] 0.07349876849254147
[input_vals] [-1.025 ,  0.9969,  1.1417,  0.8469,  1.7279, -1.0472,  1.3963,  0.1222,  0.95  ]
[output] 0.10123265497496173
[input_vals] [-1.1291,  1.033 ,  0.9487,  0.7554,  1.7279, -1.0472,  1.3963,  0.1222,  0.95  ]
[output] 0.06846498373319727
[input_vals] [-1.1333,  0.9883,  1.1161,  0.8677,  1.7279, -1.0472,  1.3963,  0.1222,  0.95  ]
[output] 0.145921956190377
[input_vals] [-1.0467,  1.1202,  1.0515,  0.8125,  1.7279, -1.0472,  1.3963,  0.1222,  0.95  ]
[output] 0.08326735604173918
[input_vals] [-1.1151,  0.9953,  1.0297,  0.718 ,  1.7279, -1.0472,  1.3963,  0.1222,  0.95  ]
[output] 0.08794421118952664
[input_vals] [-1.1031,  1.0478,  1.1059,  0.8598,  1.7279, -1.0472,  1.3963,  0.1222,  0.95  ]
[output] 0.08318332615779642
[input_vals] [-1.1011,  1.0825,  0.9965,  0.8764,  1.7279, -1.0472,  1.3963,  0.1222,  0.95  ]
[output] 0.05566855338756671
[input_vals] [-1.0264,  1.0401,  1.0492,  0.7638,  1.7279, -1.0472,  1.3963,  0.1222,  0.95  ]
[output] 0.05613948623697659
[input_vals] [-0.9995,  1.1133,  0.9718,  0.7744,  1.7279, -1.0472,  1.3963,  0.1222,  0.95  ]
[output] 0.13265809723187655
[input_vals] [-1.0451,  1.0242,  1.1356,  0.778 ,  1.7279, -1.0472,  1.3963,  0.1222,  0.95  ]
[output] 0.07250355530464606
[input_vals] [-1.0725,  0.9992,  1.1405,  0.6886,  1.7279, -1.0472,  1.3963,  0.1222,  0.95  ]
[output] 0.09035320178911876
[input_vals] [-1.0793,  0.9788,  1.0122,  0.8823,  1.7279, -1.0472,  1.3963,  0.1222,  0.95  ]
[output] 0.10276352454196105
[input_vals] [-1.103 ,  1.0998,  1.0378,  0.7861,  1.7279, -1.0472,  1.3963,  0.1222,  0.95  ]
[output] 0.07303008977132523
[input_vals] [-1.1574,  1.0872,  1.0378,  0.7209,  1.7279, -1.0472,  1.3963,  0.1222,  0.95  ]
[output] 0.1014874558672769
[input_vals] [-1.0091,  1.0151,  1.1111,  0.719 ,  1.7279, -1.0472,  1.3963,  0.1222,  0.95  ]
[output] 0.057568484762746855
[input_vals] [-1.0129,  1.0057,  1.1297,  0.7993,  1.7279, -1.0472,  1.3963,  0.1222,  0.95  ]
[output] 0.07724431352927104
[input_vals] [-1.1319,  1.0947,  1.0303,  0.87  ,  1.7279, -1.0472,  1.3963,  0.1222,  0.95  ]
[output] 0.05823508866600342
[input_vals] [-1.0451,  0.99  ,  1.1288,  0.8368,  1.7279, -1.0472,  1.3963,  0.1222,  0.95  ]
[output] 0.10717976250565239
[input_vals] [-1.0881,  1.1176,  0.9846,  0.7607,  1.7279, -1.0472,  1.3963,  0.1222,  0.95  ]
[output] 0.10402156545203105
[input_vals] [-1.0212,  0.9627,  0.9525,  0.7763,  1.7279, -1.0472,  1.3963,  0.1222,  0.95  ]
[output] 0.0675051573730215
[input_vals] [-1.1188,  1.1226,  1.0532,  0.8373,  1.7279, -1.0472,  1.3963,  0.1222,  0.95  ]
[output] 0.06877950226769608
[input_vals] [-1.0301,  0.982 ,  1.1265,  0.8286,  1.7279, -1.0472,  1.3963,  0.1222,  0.95  ]
[output] 0.10539837527555923
[input_vals] [-1.0959,  0.9993,  1.0862,  0.8314,  1.7279, -1.0472,  1.3963,  0.1222,  0.95  ]
[output] 0.10483302116272303
[input_vals] [-1.0048,  1.0634,  0.9565,  0.7598,  1.7279, -1.0472,  1.3963,  0.1222,  0.95  ]
[output] 0.09873413264145083
[input_vals] [-1.1382,  1.0862,  1.0288,  0.8232,  1.7279, -1.0472,  1.3963,  0.1222,  0.95  ]
[output] 0.06596812418222187
[input_vals] [-1.1402,  1.0934,  1.0936,  0.7206,  1.7279, -1.0472,  1.3963,  0.1222,  0.95  ]
[output] 0.09843137944496828
[input_vals] [-1.0001,  0.9983,  0.9579,  0.802 ,  1.7279, -1.0472,  1.3963,  0.1222,  0.95  ]
[output] 0.07812357358070025
[input_vals] [-1.1414,  0.9845,  0.9606,  0.7413,  1.7279, -1.0472,  1.3963,  0.1222,  0.95  ]
[output] 0.08894998875645897
[input_vals] [-1.0231,  0.9884,  1.0506,  0.7011,  1.7279, -1.0472,  1.3963,  0.1222,  0.95  ]
[output] 0.06020214584409873
[input_vals] [-1.1104,  1.1448,  0.9712,  0.8031,  1.7279, -1.0472,  1.3963,  0.1222,  0.95  ]
[output] 0.11262524117797058
[input_vals] [-1.1705,  0.967 ,  1.0375,  0.82  ,  1.7279, -1.0472,  1.3963,  0.1222,  0.95  ]
[output] 0.14362426160340774
[input_vals] [-1.0808,  1.1082,  0.9599,  0.7544,  1.7279, -1.0472,  1.3963,  0.1222,  0.95  ]
[output] 0.10581746776614931
[input_vals] [-1.0349,  1.0167,  0.9734,  0.7029,  1.7279, -1.0472,  1.3963,  0.1222,  0.95  ]
[output] 0.0619971627504463
[input_vals] [-1.0506,  1.1283,  0.9497,  0.7119,  1.7279, -1.0472,  1.3963,  0.1222,  0.95  ]
[output] 0.1455224323084043
[input_vals] [-1.0759,  1.12  ,  0.9829,  0.7085,  1.7279, -1.0472,  1.3963,  0.1222,  0.95  ]
[output] 0.12591338265338314
[input_vals] [-1.0984,  1.1292,  0.9673,  0.8181,  1.7279, -1.0472,  1.3963,  0.1222,  0.95  ]
[output] 0.09851595422559016
[input_vals] [-1.181 ,  0.9773,  1.109 ,  0.8776,  1.7279, -1.0472,  1.3963,  0.1222,  0.95  ]
[output] 0.17391208264769945
[input_vals] [-1.1314,  0.964 ,  1.0838,  0.8713,  1.7279, -1.0472,  1.3963,  0.1222,  0.95  ]
[output] 0.1561619212274268
[input_vals] [-1.0443,  1.1223,  1.0843,  0.8585,  1.7279, -1.0472,  1.3963,  0.1222,  0.95  ]
[output] 0.06950734710747247
[input_vals] [-1.0877,  0.9536,  1.1227,  0.8174,  1.7279, -1.0472,  1.3963,  0.1222,  0.95  ]
[output] 0.14709311378561019
[input_vals] [-1.1153,  1.0455,  1.0915,  0.7029,  1.7279, -1.0472,  1.3963,  0.1222,  0.95  ]
[output] 0.08689509389186295
[input_vals] [-1.1694,  1.0315,  1.0448,  0.754 ,  1.7279, -1.0472,  1.3963,  0.1222,  0.95  ]
[output] 0.10009732632711543
[input_vals] [-1.0157,  1.1427,  1.1464,  0.7344,  1.7279, -1.0472,  1.3963,  0.1222,  0.95  ]
[output] 0.10618482569574804
[input_vals] [-0.9899,  1.1433,  1.0918,  0.8255,  1.7279, -1.0472,  1.3963,  0.1222,  0.95  ]
[output] 0.11069455937165
[input_vals] [-1.0274,  1.0771,  1.0469,  0.7553,  1.7279, -1.0472,  1.3963,  0.1222,  0.95  ]
[output] 0.07273339281065931
[input_vals] [-1.1157,  0.9491,  1.0399,  0.8026,  1.7279, -1.0472,  1.3963,  0.1222,  0.95  ]
[output] 0.1326907047141849
[input_vals] [-1.0048,  1.1247,  1.1254,  0.7038,  1.7279, -1.0472,  1.3963,  0.1222,  0.95  ]
[output] 0.10867833021286703
[input_vals] [-1.0981,  1.1067,  1.0509,  0.7474,  1.7279, -1.0472,  1.3963,  0.1222,  0.95  ]
[output] 0.0878699038048549
[input_vals] [-1.1619,  1.1246,  1.0835,  0.8619,  1.7279, -1.0472,  1.3963,  0.1222,  0.95  ]
[output] 0.07168284990537822
[input_vals] [-1.0882,  1.1368,  1.0304,  0.6965,  1.7279, -1.0472,  1.3963,  0.1222,  0.95  ]
[output] 0.13375566076102421
[input_vals] [-1.1377,  1.0784,  1.0939,  0.732 ,  1.7279, -1.0472,  1.3963,  0.1222,  0.95  ]
[output] 0.09074111641885582
[input_vals] [-1.0953,  1.0247,  1.049 ,  0.7666,  1.7279, -1.0472,  1.3963,  0.1222,  0.95  ]
[output] 0.07055106076787807
[input_vals] [-1.007 ,  0.9475,  1.1378,  0.8558,  1.7279, -1.0472,  1.3963,  0.1222,  0.95  ]
[output] 0.13377442990080612
[input_vals] [-1.1231,  0.9557,  1.0925,  0.8722,  1.7279, -1.0472,  1.3963,  0.1222,  0.95  ]
[output] 0.16314165452314516
[input_vals] [-1.0659,  1.0394,  1.0518,  0.8461,  1.7279, -1.0472,  1.3963,  0.1222,  0.95  ]
[output] 0.06318837488835308
[input_vals] [-0.9881,  1.0842,  1.1017,  0.7578,  1.7279, -1.0472,  1.3963,  0.1222,  0.95  ]
[output] 0.07611738096802623
[input_vals] [-1.0182,  1.13  ,  1.0993,  0.7242,  1.7279, -1.0472,  1.3963,  0.1222,  0.95  ]
[output] 0.10976080768874169
[input_vals] [-1.1035,  0.9912,  1.091 ,  0.8124,  1.7279, -1.0472,  1.3963,  0.1222,  0.95  ]
[output] 0.1116798286527132
[input_vals] [-1.0349,  1.1238,  1.0674,  0.743 ,  1.7279, -1.0472,  1.3963,  0.1222,  0.95  ]
[output] 0.10314531243031835
[input_vals] [-0.9842,  1.115 ,  1.1199,  0.8086,  1.7279, -1.0472,  1.3963,  0.1222,  0.95  ]
[output] 0.08644677694348855
[input_vals] [-1.082 ,  0.9744,  0.9812,  0.7825,  1.7279, -1.0472,  1.3963,  0.1222,  0.95  ]
[output] 0.0787054672402663
[input_vals] [-1.1749,  0.9615,  0.9559,  0.7125,  1.7279, -1.0472,  1.3963,  0.1222,  0.95  ]
[output] 0.11720999445888904
