[input_vals] [-1.0821,  1.0472,  1.0472,  0.7854,  1.7279, -1.0472,  1.3963,  0.1222,  0.9874]
[output] 0.07307805387579831
[input_vals] [-1.0821,  1.0472,  1.0472,  0.7854,  1.7279, -1.0472,  1.3963,  0.1222,  0.9092]
[output] 0.11881274144354573
[input_vals] [-1.0821,  1.0472,  1.0472,  0.7854,  1.7279, -1.0472,  1.3963,  0.1222,  0.9647]
[output] 0.05650761744010523
[input_vals] [-1.0821,  1.0472,  1.0472,  0.7854,  1.7279, -1.0472,  1.3963,  0.1222,  0.9745]
[output] 0.06074916487951053
[input_vals] [-1.0821,  1.0472,  1.0472,  0.7854,  1.7279, -1.0472,  1.3963,  0.1222,  0.9783]
[output] 0.06361422331710569
[input_vals] [-1.0821,  1.0472,  1.0472,  0.7854,  1.7279, -1.0472,  1.3963,  0.1222,  0.9296]
[output] 0.08108019397292711
[input_vals] [-1.0821,  1.0472,  1.0472,  0.7854,  1.7279, -1.0472,  1.3963,  0.1222,  0.9656]
[output] 0.05670803691037657
[input_vals] [-1.0821,  1.0472,  1.0472,  0.7854,  1.7279, -1.0472,  1.3963,  0.1222,  0.9515]
[output] 0.05853284884804888
[input_vals] [-1.0821,  1.0472,  1.0472,  0.7854,  1.7279, -1.0472,  1.3963,  0.1222,  0.984 ]
[output] 0.06922130092109521
[input_vals] [-1.0821,  1.0472,  1.0472,  0.7854,  1.7279, -1.0472,  1.3963,  0.1222,  0.9112]
[output] 0.11453304938734749
[input_vals] [-1.0821,  1.0472,  1.0472,  0.7854,  1.7279, -1.0472,  1.3963,  0.1222,  0.923 ]
[output] 0.09195485873907185
[input_vals] [-1.0821,  1.0472,  1.0472,  0.7854,  1.7279, -1.0472,  1.3963,  0.1222,  0.9306]
[output] 0.0797171828135558
[input_vals] [-1.0821,  1.0472,  1.0472,  0.7854,  1.7279, -1.0472,  1.3963,  0.1222,  0.9948]
[output] 0.08322666477973606
[input_vals] [-1.0821,  1.0472,  1.0472,  0.7854,  1.7279, -1.0472,  1.3963,  0.1222,  0.9975]
[output] 0.08732915181593713
[input_vals] [-1.0821,  1.0472,  1.0472,  0.7854,  1.7279, -1.0472,  1.3963,  0.1222,  0.9304]
[output] 0.07998749621524164
[input_vals] [-1.0821,  1.0472,  1.0472,  0.7854,  1.7279, -1.0472,  1.3963,  0.1222,  0.9492]
[output] 0.05984853542831778
[input_vals] [-1.0821,  1.0472,  1.0472,  0.7854,  1.7279, -1.0472,  1.3963,  0.1222,  0.9177]
[output] 0.10163411116896442
[input_vals] [-1.0821,  1.0472,  1.0472,  0.7854,  1.7279, -1.0472,  1.3963,  0.1222,  0.9209]
[output] 0.09576065832753503
[input_vals] [-1.0821,  1.0472,  1.0472,  0.7854,  1.7279, -1.0472,  1.3963,  0.1222,  0.9786]
[output] 0.0639041313820737
[input_vals] [-1.0821,  1.0472,  1.0472,  0.7854,  1.7279, -1.0472,  1.3963,  0.1222,  0.9023]
[output] 0.133996743420726
[input_vals] [-1.0821,  1.0472,  1.0472,  0.7854,  1.7279, -1.0472,  1.3963,  0.1222,  0.9642]
[output] 0.05642338420566378
[input_vals] [-1.0821,  1.0472,  1.0472,  0.7854,  1.7279, -1.0472,  1.3963,  0.1222,  0.9062]
[output] 0.125326473332257
[input_vals] [-1.0821,  1.0472,  1.0472,  0.7854,  1.7279, -1.0472,  1.3963,  0.1222,  0.9425]
[output] 0.06510547293610201
[input_vals] [-1.0821,  1.0472,  1.0472,  0.7854,  1.7279, -1.0472,  1.3963,  0.1222,  0.9703]
[output] 0.058345030778019946
[input_vals] [-1.0821,  1.0472,  1.0472,  0.7854,  1.7279, -1.0472,  1.3963,  0.1222,  0.9146]
[output] 0.10766827332048297
[input_vals] [-1.0821,  1.0472,  1.0472,  0.7854,  1.7279, -1.0472,  1.3963,  0.1222,  0.9185]
[output] 0.10016674824767118
[input_vals] [-1.0821,  1.0472,  1.0472,  0.7854,  1.7279, -1.0472,  1.3963,  0.1222,  0.9164]
[output] 0.10415839286299303
[input_vals] [-1.0821,  1.0472,  1.0472,  0.7854,  1.7279, -1.0472,  1.3963,  0.1222,  0.9002]
[output] 0.13871080843606265
[input_vals] [-1.0821,  1.0472,  1.0472,  0.7854,  1.7279, -1.0472,  1.3963,  0.1222,  0.9524]
[output] 0.0581381295397684
[input_vals] [-1.0821,  1.0472,  1.0472,  0.7854,  1.7279, -1.0472,  1.3963,  0.1222,  0.943 ]
[output] 0.06463573819522499
[input_vals] [-1.0821,  1.0472,  1.0472,  0.7854,  1.7279, -1.0472,  1.3963,  0.1222,  0.9771]
[output] 0.06262287098923397
[input_vals] [-1.0821,  1.0472,  1.0472,  0.7854,  1.7279, -1.0472,  1.3963,  0.1222,  0.978 ]
[output] 0.06334676741614718
[input_vals] [-1.0821,  1.0472,  1.0472,  0.7854,  1.7279, -1.0472,  1.3963,  0.1222,  0.9981]
[output] 0.08830720474868442
[input_vals] [-1.0821,  1.0472,  1.0472,  0.7854,  1.7279, -1.0472,  1.3963,  0.1222,  0.9175]
[output] 0.10208694194591222
[input_vals] [-1.0821,  1.0472,  1.0472,  0.7854,  1.7279, -1.0472,  1.3963,  0.1222,  0.9513]
[output] 0.05864887615776754
[input_vals] [-1.0821,  1.0472,  1.0472,  0.7854,  1.7279, -1.0472,  1.3963,  0.1222,  0.962 ]
[output] 0.05618909233318646
[input_vals] [-1.0821,  1.0472,  1.0472,  0.7854,  1.7279, -1.0472,  1.3963,  0.1222,  0.9884]
[output] 0.07438672559534167
[input_vals] [-1.0821,  1.0472,  1.0472,  0.7854,  1.7279, -1.0472,  1.3963,  0.1222,  0.9242]
[output] 0.08987952111639438
[input_vals] [-1.0821,  1.0472,  1.0472,  0.7854,  1.7279, -1.0472,  1.3963,  0.1222,  0.9612]
[output] 0.05616697159724694
[input_vals] [-1.0821,  1.0472,  1.0472,  0.7854,  1.7279, -1.0472,  1.3963,  0.1222,  0.9557]
[output] 0.05690582589563391
[input_vals] [-1.0821,  1.0472,  1.0472,  0.7854,  1.7279, -1.0472,  1.3963,  0.1222,  0.9475]
[output] 0.06096647182145825
[input_vals] [-1.0821,  1.0472,  1.0472,  0.7854,  1.7279, -1.0472,  1.3963,  0.1222,  0.9815]
[output] 0.06652763936964166
[input_vals] [-1.0821,  1.0472,  1.0472,  0.7854,  1.7279, -1.0472,  1.3963,  0.1222,  0.9823]
[output] 0.06738092896949478
[input_vals] [-1.0821,  1.0472,  1.0472,  0.7854,  1.7279, -1.0472,  1.3963,  0.1222,  0.901 ]
[output] 0.13689671282231639
[input_vals] [-1.0821,  1.0472,  1.0472,  0.7854,  1.7279, -1.0472,  1.3963,  0.1222,  0.987 ]
[output] 0.07258930853877525
[input_vals] [-1.0821,  1.0472,  1.0472,  0.7854,  1.7279, -1.0472,  1.3963,  0.1222,  0.9611]
[output] 0.05616659018401144
[input_vals] [-1.0821,  1.0472,  1.0472,  0.7854,  1.7279, -1.0472,  1.3963,  0.1222,  0.996 ]
[output] 0.08498784138390289
[input_vals] [-1.0821,  1.0472,  1.0472,  0.7854,  1.7279, -1.0472,  1.3963,  0.1222,  0.9852]
[output] 0.07055564232345266
[input_vals] [-1.0821,  1.0472,  1.0472,  0.7854,  1.7279, -1.0472,  1.3963,  0.1222,  0.9384]
[output] 0.06942221523175171
[input_vals] [-1.0821,  1.0472,  1.0472,  0.7854,  1.7279, -1.0472,  1.3963,  0.1222,  0.9725]
[output] 0.05951306160317058
[input_vals] [-1.0821,  1.0472,  1.0472,  0.7854,  1.7279, -1.0472,  1.3963,  0.1222,  0.967 ]
[output] 0.0570922123221263
[input_vals] [-1.0821,  1.0472,  1.0472,  0.7854,  1.7279, -1.0472,  1.3963,  0.1222,  0.9669]
[output] 0.057041122035526526
[input_vals] [-1.0821,  1.0472,  1.0472,  0.7854,  1.7279, -1.0472,  1.3963,  0.1222,  0.9255]
[output] 0.08763450018335289
[input_vals] [-1.0821,  1.0472,  1.0472,  0.7854,  1.7279, -1.0472,  1.3963,  0.1222,  0.9872]
[output] 0.0728679176503074
[input_vals] [-1.0821,  1.0472,  1.0472,  0.7854,  1.7279, -1.0472,  1.3963,  0.1222,  0.9624]
[output] 0.05621546965138597
[input_vals] [-1.0821,  1.0472,  1.0472,  0.7854,  1.7279, -1.0472,  1.3963,  0.1222,  0.9594]
[output] 0.05623357176946259
[input_vals] [-1.0821,  1.0472,  1.0472,  0.7854,  1.7279, -1.0472,  1.3963,  0.1222,  0.9508]
[output] 0.0589117972303182
[input_vals] [-1.0821,  1.0472,  1.0472,  0.7854,  1.7279, -1.0472,  1.3963,  0.1222,  0.9967]
[output] 0.08606017983354945
[input_vals] [-1.0821,  1.0472,  1.0472,  0.7854,  1.7279, -1.0472,  1.3963,  0.1222,  0.9004]
[output] 0.13836603774568285
[input_vals] [-1.0821,  1.0472,  1.0472,  0.7854,  1.7279, -1.0472,  1.3963,  0.1222,  0.9432]
[output] 0.06442901720429742
[input_vals] [-1.0821,  1.0472,  1.0472,  0.7854,  1.7279, -1.0472,  1.3963,  0.1222,  0.9536]
[output] 0.05761077137380833
[input_vals] [-1.0821,  1.0472,  1.0472,  0.7854,  1.7279, -1.0472,  1.3963,  0.1222,  0.9544]
[output] 0.05733239472815459
[input_vals] [-1.0821,  1.0472,  1.0472,  0.7854,  1.7279, -1.0472,  1.3963,  0.1222,  0.9359]
[output] 0.07237567047824041
[input_vals] [-1.0821,  1.0472,  1.0472,  0.7854,  1.7279, -1.0472,  1.3963,  0.1222,  0.9377]
[output] 0.07025389315845217
[input_vals] [-1.0821,  1.0472,  1.0472,  0.7854,  1.7279, -1.0472,  1.3963,  0.1222,  0.9533]
[output] 0.05771211848974145
[input_vals] [-1.0821,  1.0472,  1.0472,  0.7854,  1.7279, -1.0472,  1.3963,  0.1222,  0.9282]
[output] 0.0832709099291199
[input_vals] [-1.0821,  1.0472,  1.0472,  0.7854,  1.7279, -1.0472,  1.3963,  0.1222,  0.9956]
[output] 0.08440512635500973
[input_vals] [-1.0821,  1.0472,  1.0472,  0.7854,  1.7279, -1.0472,  1.3963,  0.1222,  0.9031]
[output] 0.1322447210869595
[input_vals] [-1.0821,  1.0472,  1.0472,  0.7854,  1.7279, -1.0472,  1.3963,  0.1222,  0.9044]
[output] 0.12925761977839784
[input_vals] [-1.0821,  1.0472,  1.0472,  0.7854,  1.7279, -1.0472,  1.3963,  0.1222,  0.911 ]
[output] 0.11494905390874718
[input_vals] [-1.0821,  1.0472,  1.0472,  0.7854,  1.7279, -1.0472,  1.3963,  0.1222,  0.9852]
[output] 0.07049977210481402
[input_vals] [-1.0821,  1.0472,  1.0472,  0.7854,  1.7279, -1.0472,  1.3963,  0.1222,  0.9121]
[output] 0.11273299332133419
[input_vals] [-1.0821,  1.0472,  1.0472,  0.7854,  1.7279, -1.0472,  1.3963,  0.1222,  0.9361]
[output] 0.07220968616446163
[input_vals] [-1.0821,  1.0472,  1.0472,  0.7854,  1.7279, -1.0472,  1.3963,  0.1222,  0.901 ]
[output] 0.13687968169999618
[input_vals] [-1.0821,  1.0472,  1.0472,  0.7854,  1.7279, -1.0472,  1.3963,  0.1222,  0.9938]
[output] 0.08167216193784371
[input_vals] [-1.0821,  1.0472,  1.0472,  0.7854,  1.7279, -1.0472,  1.3963,  0.1222,  0.9222]
[output] 0.09340830116574231
[input_vals] [-1.0821,  1.0472,  1.0472,  0.7854,  1.7279, -1.0472,  1.3963,  0.1222,  0.9652]
[output] 0.0566052727561236
[input_vals] [-1.0821,  1.0472,  1.0472,  0.7854,  1.7279, -1.0472,  1.3963,  0.1222,  0.9582]
[output] 0.05637863738837397
[input_vals] [-1.0821,  1.0472,  1.0472,  0.7854,  1.7279, -1.0472,  1.3963,  0.1222,  0.9793]
[output] 0.06452047727881242
[input_vals] [-1.0821,  1.0472,  1.0472,  0.7854,  1.7279, -1.0472,  1.3963,  0.1222,  0.9469]
[output] 0.06137435607304439
[input_vals] [-1.0821,  1.0472,  1.0472,  0.7854,  1.7279, -1.0472,  1.3963,  0.1222,  0.93  ]
[output] 0.08052822606137015
[input_vals] [-1.0821,  1.0472,  1.0472,  0.7854,  1.7279, -1.0472,  1.3963,  0.1222,  0.9415]
[output] 0.06608309418418246
[input_vals] [-1.0821,  1.0472,  1.0472,  0.7854,  1.7279, -1.0472,  1.3963,  0.1222,  0.9446]
[output] 0.0631912297131317
[input_vals] [-1.0821,  1.0472,  1.0472,  0.7854,  1.7279, -1.0472,  1.3963,  0.1222,  0.9066]
[output] 0.12445768397468356
[input_vals] [-1.0821,  1.0472,  1.0472,  0.7854,  1.7279, -1.0472,  1.3963,  0.1222,  0.9656]
[output] 0.056699479161727837
[input_vals] [-1.0821,  1.0472,  1.0472,  0.7854,  1.7279, -1.0472,  1.3963,  0.1222,  0.9556]
[output] 0.056948681809544356
[input_vals] [-1.0821,  1.0472,  1.0472,  0.7854,  1.7279, -1.0472,  1.3963,  0.1222,  0.9034]
[output] 0.1314514430403659
[input_vals] [-1.0821,  1.0472,  1.0472,  0.7854,  1.7279, -1.0472,  1.3963,  0.1222,  0.9512]
[output] 0.05870462451288258
[input_vals] [-1.0821,  1.0472,  1.0472,  0.7854,  1.7279, -1.0472,  1.3963,  0.1222,  0.9365]
[output] 0.07170874114602142
[input_vals] [-1.0821,  1.0472,  1.0472,  0.7854,  1.7279, -1.0472,  1.3963,  0.1222,  0.9801]
[output] 0.06518728850612239
[input_vals] [-1.0821,  1.0472,  1.0472,  0.7854,  1.7279, -1.0472,  1.3963,  0.1222,  0.9806]
[output] 0.06567928695254417
[input_vals] [-1.0821,  1.0472,  1.0472,  0.7854,  1.7279, -1.0472,  1.3963,  0.1222,  0.9117]
[output] 0.11357475897564132
[input_vals] [-1.0821,  1.0472,  1.0472,  0.7854,  1.7279, -1.0472,  1.3963,  0.1222,  0.9785]
[output] 0.06378487506640405
[input_vals] [-1.0821,  1.0472,  1.0472,  0.7854,  1.7279, -1.0472,  1.3963,  0.1222,  0.9299]
[output] 0.08069135935563886
[input_vals] [-1.0821,  1.0472,  1.0472,  0.7854,  1.7279, -1.0472,  1.3963,  0.1222,  0.936 ]
[output] 0.07227292189728296
[input_vals] [-1.0821,  1.0472,  1.0472,  0.7854,  1.7279, -1.0472,  1.3963,  0.1222,  0.9557]
[output] 0.05690657520551885
[input_vals] [-1.0821,  1.0472,  1.0472,  0.7854,  1.7279, -1.0472,  1.3963,  0.1222,  0.9416]
[output] 0.065951962786664
[input_vals] [-1.0821,  1.0472,  1.0472,  0.7854,  1.7279, -1.0472,  1.3963,  0.1222,  0.957 ]
[output] 0.056596483088056836
[input_vals] [-1.0821,  1.0472,  1.0472,  0.7854,  1.7279, -1.0472,  1.3963,  0.1222,  0.9852]
[output] 0.07045492176975876
[input_vals] [-1.0821,  1.0472,  1.0472,  0.7854,  1.7279, -1.0472,  1.3963,  0.1222,  0.9537]
[output] 0.05757774664921171
[input_vals] [-1.0821,  1.0472,  1.0472,  0.7854,  1.7279, -1.0472,  1.3963,  0.1222,  0.9022]
[output] 0.13426396341775115
[input_vals] [-1.0821,  1.0472,  1.0472,  0.7854,  1.7279, -1.0472,  1.3963,  0.1222,  0.9084]
[output] 0.12044414155099968
[input_vals] [-1.0821,  1.0472,  1.0472,  0.7854,  1.7279, -1.0472,  1.3963,  0.1222,  0.9144]
[output] 0.10809772176559852
[input_vals] [-1.0821,  1.0472,  1.0472,  0.7854,  1.7279, -1.0472,  1.3963,  0.1222,  0.9256]
[output] 0.08748921041634308
[input_vals] [-1.0821,  1.0472,  1.0472,  0.7854,  1.7279, -1.0472,  1.3963,  0.1222,  0.9436]
[output] 0.0641246820358764
[input_vals] [-1.0821,  1.0472,  1.0472,  0.7854,  1.7279, -1.0472,  1.3963,  0.1222,  0.9503]
[output] 0.059170322004029205
[input_vals] [-1.0821,  1.0472,  1.0472,  0.7854,  1.7279, -1.0472,  1.3963,  0.1222,  0.9561]
[output] 0.05680272859814209
[input_vals] [-1.0821,  1.0472,  1.0472,  0.7854,  1.7279, -1.0472,  1.3963,  0.1222,  0.9959]
[output] 0.08490317376441919
[input_vals] [-1.0821,  1.0472,  1.0472,  0.7854,  1.7279, -1.0472,  1.3963,  0.1222,  0.9818]
[output] 0.06683118270514359
[input_vals] [-1.0821,  1.0472,  1.0472,  0.7854,  1.7279, -1.0472,  1.3963,  0.1222,  0.9177]
[output] 0.10166300986320077
[input_vals] [-1.0821,  1.0472,  1.0472,  0.7854,  1.7279, -1.0472,  1.3963,  0.1222,  0.9692]
[output] 0.057865125351534354
[input_vals] [-1.0821,  1.0472,  1.0472,  0.7854,  1.7279, -1.0472,  1.3963,  0.1222,  0.921 ]
[output] 0.09547797435669889
[input_vals] [-1.0821,  1.0472,  1.0472,  0.7854,  1.7279, -1.0472,  1.3963,  0.1222,  0.9198]
[output] 0.09768355528013363
[input_vals] [-1.0821,  1.0472,  1.0472,  0.7854,  1.7279, -1.0472,  1.3963,  0.1222,  0.9363]
[output] 0.07195874178137357
[input_vals] [-1.0821,  1.0472,  1.0472,  0.7854,  1.7279, -1.0472,  1.3963,  0.1222,  0.9032]
[output] 0.13188956278688976
[input_vals] [-1.0821,  1.0472,  1.0472,  0.7854,  1.7279, -1.0472,  1.3963,  0.1222,  0.9641]
[output] 0.05640829311505284
[input_vals] [-1.0821,  1.0472,  1.0472,  0.7854,  1.7279, -1.0472,  1.3963,  0.1222,  0.9254]
[output] 0.0879181552206881
[input_vals] [-1.0821,  1.0472,  1.0472,  0.7854,  1.7279, -1.0472,  1.3963,  0.1222,  0.9865]
[output] 0.07199276441746513
[input_vals] [-1.0821,  1.0472,  1.0472,  0.7854,  1.7279, -1.0472,  1.3963,  0.1222,  0.903 ]
[output] 0.13229108649241023
[input_vals] [-1.0821,  1.0472,  1.0472,  0.7854,  1.7279, -1.0472,  1.3963,  0.1222,  0.9979]
[output] 0.08803289580027235
[input_vals] [-1.0821,  1.0472,  1.0472,  0.7854,  1.7279, -1.0472,  1.3963,  0.1222,  0.9404]
[output] 0.06716391542808672
[input_vals] [-1.0821,  1.0472,  1.0472,  0.7854,  1.7279, -1.0472,  1.3963,  0.1222,  0.9337]
[output] 0.0752430007217232
[input_vals] [-1.0821,  1.0472,  1.0472,  0.7854,  1.7279, -1.0472,  1.3963,  0.1222,  0.9309]
[output] 0.07921056849552521
[input_vals] [-1.0821,  1.0472,  1.0472,  0.7854,  1.7279, -1.0472,  1.3963,  0.1222,  0.9332]
[output] 0.07600694062272577
[input_vals] [-1.0821,  1.0472,  1.0472,  0.7854,  1.7279, -1.0472,  1.3963,  0.1222,  0.9008]
[output] 0.13730830467205568
[input_vals] [-1.0821,  1.0472,  1.0472,  0.7854,  1.7279, -1.0472,  1.3963,  0.1222,  0.9905]
[output] 0.077156672678071
[input_vals] [-1.0821,  1.0472,  1.0472,  0.7854,  1.7279, -1.0472,  1.3963,  0.1222,  0.983 ]
[output] 0.06807853758028735
[input_vals] [-1.0821,  1.0472,  1.0472,  0.7854,  1.7279, -1.0472,  1.3963,  0.1222,  0.9508]
[output] 0.05891616291099912
[input_vals] [-1.0821,  1.0472,  1.0472,  0.7854,  1.7279, -1.0472,  1.3963,  0.1222,  0.9688]
[output] 0.05770619606410614
[input_vals] [-1.0821,  1.0472,  1.0472,  0.7854,  1.7279, -1.0472,  1.3963,  0.1222,  0.9163]
[output] 0.10435295581640978
[input_vals] [-1.0821,  1.0472,  1.0472,  0.7854,  1.7279, -1.0472,  1.3963,  0.1222,  0.96  ]
[output] 0.05619496116070799
[input_vals] [-1.0821,  1.0472,  1.0472,  0.7854,  1.7279, -1.0472,  1.3963,  0.1222,  0.9235]
[output] 0.09104098875536702
[input_vals] [-1.0821,  1.0472,  1.0472,  0.7854,  1.7279, -1.0472,  1.3963,  0.1222,  0.9756]
[output] 0.06152920057891475
[input_vals] [-1.0821,  1.0472,  1.0472,  0.7854,  1.7279, -1.0472,  1.3963,  0.1222,  0.9523]
[output] 0.05816575197231054
[input_vals] [-1.0821,  1.0472,  1.0472,  0.7854,  1.7279, -1.0472,  1.3963,  0.1222,  0.9134]
[output] 0.11002107964602925
[input_vals] [-1.0821,  1.0472,  1.0472,  0.7854,  1.7279, -1.0472,  1.3963,  0.1222,  0.9924]
[output] 0.07967960376911735
[input_vals] [-1.0821,  1.0472,  1.0472,  0.7854,  1.7279, -1.0472,  1.3963,  0.1222,  0.9691]
[output] 0.0578145845058376
[input_vals] [-1.0821,  1.0472,  1.0472,  0.7854,  1.7279, -1.0472,  1.3963,  0.1222,  0.9965]
[output] 0.08580531265674064
[input_vals] [-1.0821,  1.0472,  1.0472,  0.7854,  1.7279, -1.0472,  1.3963,  0.1222,  0.9416]
[output] 0.0660269015444571
[input_vals] [-1.0821,  1.0472,  1.0472,  0.7854,  1.7279, -1.0472,  1.3963,  0.1222,  0.9568]
[output] 0.05663525061637403
[input_vals] [-1.0821,  1.0472,  1.0472,  0.7854,  1.7279, -1.0472,  1.3963,  0.1222,  0.9749]
[output] 0.06103277091070767
[input_vals] [-1.0821,  1.0472,  1.0472,  0.7854,  1.7279, -1.0472,  1.3963,  0.1222,  0.9011]
[output] 0.13662538326304433
[input_vals] [-1.0821,  1.0472,  1.0472,  0.7854,  1.7279, -1.0472,  1.3963,  0.1222,  0.948 ]
[output] 0.060617851977185735
[input_vals] [-1.0821,  1.0472,  1.0472,  0.7854,  1.7279, -1.0472,  1.3963,  0.1222,  0.9374]
[output] 0.07063078133511064
[input_vals] [-1.0821,  1.0472,  1.0472,  0.7854,  1.7279, -1.0472,  1.3963,  0.1222,  0.947 ]
[output] 0.06133159519254418
[input_vals] [-1.0821,  1.0472,  1.0472,  0.7854,  1.7279, -1.0472,  1.3963,  0.1222,  0.9281]
[output] 0.08349146312648557
[input_vals] [-1.0821,  1.0472,  1.0472,  0.7854,  1.7279, -1.0472,  1.3963,  0.1222,  0.9841]
[output] 0.0692554196095637
[input_vals] [-1.0821,  1.0472,  1.0472,  0.7854,  1.7279, -1.0472,  1.3963,  0.1222,  0.9677]
[output] 0.057317848321104876
[input_vals] [-1.0821,  1.0472,  1.0472,  0.7854,  1.7279, -1.0472,  1.3963,  0.1222,  0.9981]
[output] 0.08832359373660653
[input_vals] [-1.0821,  1.0472,  1.0472,  0.7854,  1.7279, -1.0472,  1.3963,  0.1222,  0.9008]
[output] 0.13729268800760314
[input_vals] [-1.0821,  1.0472,  1.0472,  0.7854,  1.7279, -1.0472,  1.3963,  0.1222,  0.9249]
[output] 0.08870282542183076
[input_vals] [-1.0821,  1.0472,  1.0472,  0.7854,  1.7279, -1.0472,  1.3963,  0.1222,  0.9708]
[output] 0.058612710280868355
[input_vals] [-1.0821,  1.0472,  1.0472,  0.7854,  1.7279, -1.0472,  1.3963,  0.1222,  0.9794]
[output] 0.06456712563442296
[input_vals] [-1.0821,  1.0472,  1.0472,  0.7854,  1.7279, -1.0472,  1.3963,  0.1222,  0.9746]
[output] 0.060817946062921194
[input_vals] [-1.0821,  1.0472,  1.0472,  0.7854,  1.7279, -1.0472,  1.3963,  0.1222,  0.9686]
[output] 0.05761252880475697
[input_vals] [-1.0821,  1.0472,  1.0472,  0.7854,  1.7279, -1.0472,  1.3963,  0.1222,  0.902 ]
[output] 0.13454310217338522
[input_vals] [-1.0821,  1.0472,  1.0472,  0.7854,  1.7279, -1.0472,  1.3963,  0.1222,  0.9759]
[output] 0.06174309532954306
[input_vals] [-1.0821,  1.0472,  1.0472,  0.7854,  1.7279, -1.0472,  1.3963,  0.1222,  0.9203]
[output] 0.09669905957742868
[input_vals] [-1.0821,  1.0472,  1.0472,  0.7854,  1.7279, -1.0472,  1.3963,  0.1222,  0.9045]
[output] 0.1290112717306452
[input_vals] [-1.0821,  1.0472,  1.0472,  0.7854,  1.7279, -1.0472,  1.3963,  0.1222,  0.9289]
[output] 0.08224195611186064
[input_vals] [-1.0821,  1.0472,  1.0472,  0.7854,  1.7279, -1.0472,  1.3963,  0.1222,  0.9158]
[output] 0.10529114762153806
[input_vals] [-1.0821,  1.0472,  1.0472,  0.7854,  1.7279, -1.0472,  1.3963,  0.1222,  0.966 ]
[output] 0.05680106482508477
[input_vals] [-1.0821,  1.0472,  1.0472,  0.7854,  1.7279, -1.0472,  1.3963,  0.1222,  0.908 ]
[output] 0.12132672266811217
[input_vals] [-1.0821,  1.0472,  1.0472,  0.7854,  1.7279, -1.0472,  1.3963,  0.1222,  0.9459]
[output] 0.062124790024852244
[input_vals] [-1.0821,  1.0472,  1.0472,  0.7854,  1.7279, -1.0472,  1.3963,  0.1222,  0.9429]
[output] 0.06469940759834991
[input_vals] [-1.0821,  1.0472,  1.0472,  0.7854,  1.7279, -1.0472,  1.3963,  0.1222,  0.9918]
[output] 0.07893659275080796
[input_vals] [-1.0821,  1.0472,  1.0472,  0.7854,  1.7279, -1.0472,  1.3963,  0.1222,  0.9443]
[output] 0.06347327015921224
[input_vals] [-1.0821,  1.0472,  1.0472,  0.7854,  1.7279, -1.0472,  1.3963,  0.1222,  0.9229]
[output] 0.09219278724745243
[input_vals] [-1.0821,  1.0472,  1.0472,  0.7854,  1.7279, -1.0472,  1.3963,  0.1222,  0.9901]
[output] 0.07653738147435044
[input_vals] [-1.0821,  1.0472,  1.0472,  0.7854,  1.7279, -1.0472,  1.3963,  0.1222,  0.9458]
[output] 0.0622075040425714
[input_vals] [-1.0821,  1.0472,  1.0472,  0.7854,  1.7279, -1.0472,  1.3963,  0.1222,  0.9465]
[output] 0.06170000299357368
[input_vals] [-1.0821,  1.0472,  1.0472,  0.7854,  1.7279, -1.0472,  1.3963,  0.1222,  1.    ]
[output] 0.09134752459546186
[input_vals] [-1.0821,  1.0472,  1.0472,  0.7854,  1.7279, -1.0472,  1.3963,  0.1222,  0.9021]
[output] 0.13435490228987057
[input_vals] [-1.0821,  1.0472,  1.0472,  0.7854,  1.7279, -1.0472,  1.3963,  0.1222,  0.9715]
[output] 0.05893428419106161
[input_vals] [-1.0821,  1.0472,  1.0472,  0.7854,  1.7279, -1.0472,  1.3963,  0.1222,  0.9536]
[output] 0.057606156683294336
[input_vals] [-1.0821,  1.0472,  1.0472,  0.7854,  1.7279, -1.0472,  1.3963,  0.1222,  0.9092]
[output] 0.11873491688648427
[input_vals] [-1.0821,  1.0472,  1.0472,  0.7854,  1.7279, -1.0472,  1.3963,  0.1222,  0.9846]
[output] 0.06983074743503158
[input_vals] [-1.0821,  1.0472,  1.0472,  0.7854,  1.7279, -1.0472,  1.3963,  0.1222,  0.921 ]
[output] 0.09545197459537805
[input_vals] [-1.0821,  1.0472,  1.0472,  0.7854,  1.7279, -1.0472,  1.3963,  0.1222,  0.932 ]
[output] 0.07757437650006249
[input_vals] [-1.0821,  1.0472,  1.0472,  0.7854,  1.7279, -1.0472,  1.3963,  0.1222,  0.9354]
[output] 0.07306051528640327
[input_vals] [-1.0821,  1.0472,  1.0472,  0.7854,  1.7279, -1.0472,  1.3963,  0.1222,  0.9418]
[output] 0.06573804613103436
[input_vals] [-1.0821,  1.0472,  1.0472,  0.7854,  1.7279, -1.0472,  1.3963,  0.1222,  0.9564]
[output] 0.0567250374187263
[input_vals] [-1.0821,  1.0472,  1.0472,  0.7854,  1.7279, -1.0472,  1.3963,  0.1222,  0.9056]
[output] 0.12663426550712586
[input_vals] [-1.0821,  1.0472,  1.0472,  0.7854,  1.7279, -1.0472,  1.3963,  0.1222,  0.9733]
[output] 0.05997401422038308
[input_vals] [-1.0821,  1.0472,  1.0472,  0.7854,  1.7279, -1.0472,  1.3963,  0.1222,  0.968 ]
[output] 0.05741631483228595
[input_vals] [-1.0821,  1.0472,  1.0472,  0.7854,  1.7279, -1.0472,  1.3963,  0.1222,  0.9008]
[output] 0.1374449259480973
[input_vals] [-1.0821,  1.0472,  1.0472,  0.7854,  1.7279, -1.0472,  1.3963,  0.1222,  0.9252]
[output] 0.08825079681175274
[input_vals] [-1.0821,  1.0472,  1.0472,  0.7854,  1.7279, -1.0472,  1.3963,  0.1222,  0.97  ]
[output] 0.05821686568092069
[input_vals] [-1.0821,  1.0472,  1.0472,  0.7854,  1.7279, -1.0472,  1.3963,  0.1222,  0.9167]
[output] 0.10358423688099586
[input_vals] [-1.0821,  1.0472,  1.0472,  0.7854,  1.7279, -1.0472,  1.3963,  0.1222,  0.9941]
[output] 0.08217563496785406
[input_vals] [-1.0821,  1.0472,  1.0472,  0.7854,  1.7279, -1.0472,  1.3963,  0.1222,  0.9247]
[output] 0.08896307149781633
[input_vals] [-1.0821,  1.0472,  1.0472,  0.7854,  1.7279, -1.0472,  1.3963,  0.1222,  0.9692]
[output] 0.05785272014826349
[input_vals] [-1.0821,  1.0472,  1.0472,  0.7854,  1.7279, -1.0472,  1.3963,  0.1222,  0.9846]
[output] 0.06979218205888187
[input_vals] [-1.0821,  1.0472,  1.0472,  0.7854,  1.7279, -1.0472,  1.3963,  0.1222,  0.9629]
[output] 0.056257162202358005
[input_vals] [-1.0821,  1.0472,  1.0472,  0.7854,  1.7279, -1.0472,  1.3963,  0.1222,  0.9902]
[output] 0.07671143980324635
[input_vals] [-1.0821,  1.0472,  1.0472,  0.7854,  1.7279, -1.0472,  1.3963,  0.1222,  0.9375]
[output] 0.07041621899983525
[input_vals] [-1.0821,  1.0472,  1.0472,  0.7854,  1.7279, -1.0472,  1.3963,  0.1222,  0.9374]
[output] 0.07053112612653543
[input_vals] [-1.0821,  1.0472,  1.0472,  0.7854,  1.7279, -1.0472,  1.3963,  0.1222,  0.9384]
[output] 0.06943174951936423
[input_vals] [-1.0821,  1.0472,  1.0472,  0.7854,  1.7279, -1.0472,  1.3963,  0.1222,  0.9055]
[output] 0.12684484570476193
[input_vals] [-1.0821,  1.0472,  1.0472,  0.7854,  1.7279, -1.0472,  1.3963,  0.1222,  0.9836]
[output] 0.06878707368255721
