[input_vals] [-1.0821,  1.0472,  1.0472,  0.7854,  1.6725, -1.0439,  1.4714,  0.062 ,  0.95  ]
[output] 0.051147351394767074
[input_vals] [-1.0821,  1.0472,  1.0472,  0.7854,  1.808 , -0.9738,  1.2993,  0.1331,  0.95  ]
[output] 0.16305780972603223
[input_vals] [-1.0821,  1.0472,  1.0472,  0.7854,  1.6469, -1.034 ,  1.474 ,  0.0868,  0.95  ]
[output] 0.06962039419249064
[input_vals] [-1.0821,  1.0472,  1.0472,  0.7854,  1.6463, -1.1298,  1.2983,  0.1551,  0.95  ]
[output] 0.13791616469283718
[input_vals] [-1.0821,  1.0472,  1.0472,  0.7854,  1.723 , -0.9911,  1.3527,  0.1874,  0.95  ]
[output] 0.06242106128998248
[input_vals] [-1.0821,  1.0472,  1.0472,  0.7854,  1.6444, -1.147 ,  1.3116,  0.1849,  0.95  ]
[output] 0.16165100652421874
[input_vals] [-1.0821,  1.0472,  1.0472,  0.7854,  1.6917, -1.0357,  1.4322,  0.0848,  0.95  ]
[output] 0.048294393297149116
[input_vals] [-1.0821,  1.0472,  1.0472,  0.7854,  1.6792, -1.0822,  1.4398,  0.1941,  0.95  ]
[output] 0.11049299788796489
[input_vals] [-1.0821,  1.0472,  1.0472,  0.7854,  1.8093, -1.1137,  1.4094,  0.0623,  0.95  ]
[output] 0.1297338540775713
[input_vals] [-1.0821,  1.0472,  1.0472,  0.7854,  1.7361, -1.1288,  1.4937,  0.1886,  0.95  ]
[output] 0.12391745183094845
[input_vals] [-1.0821,  1.0472,  1.0472,  0.7854,  1.7761, -0.959 ,  1.3344,  0.1574,  0.95  ]
[output] 0.130527038061019
[input_vals] [-1.0821,  1.0472,  1.0472,  0.7854,  1.8134, -0.973 ,  1.408 ,  0.1529,  0.95  ]
[output] 0.14906414780720523
[input_vals] [-1.0821,  1.0472,  1.0472,  0.7854,  1.6729, -1.0306,  1.3686,  0.194 ,  0.95  ]
[output] 0.0757239614127511
[input_vals] [-1.0821,  1.0472,  1.0472,  0.7854,  1.7443, -1.038 ,  1.3917,  0.1985,  0.95  ]
[output] 0.06890199729696059
[input_vals] [-1.0821,  1.0472,  1.0472,  0.7854,  1.7795, -1.0079,  1.3587,  0.1681,  0.95  ]
[output] 0.10308204108141128
[input_vals] [-1.0821,  1.0472,  1.0472,  0.7854,  1.8149, -1.0014,  1.3135,  0.053 ,  0.95  ]
[output] 0.17136629013133797
[input_vals] [-1.0821,  1.0472,  1.0472,  0.7854,  1.738 , -1.0769,  1.38  ,  0.134 ,  0.95  ]
[output] 0.07192446973784059
[input_vals] [-1.0821,  1.0472,  1.0472,  0.7854,  1.6369, -1.0838,  1.3956,  0.2058,  0.95  ]
[output] 0.1432454635950389
[input_vals] [-1.0821,  1.0472,  1.0472,  0.7854,  1.7523, -1.0049,  1.3567,  0.1363,  0.95  ]
[output] 0.08579552691929827
[input_vals] [-1.0821,  1.0472,  1.0472,  0.7854,  1.6532, -1.1317,  1.4948,  0.1229,  0.95  ]
[output] 0.1433579709055295
[input_vals] [-1.0821,  1.0472,  1.0472,  0.7854,  1.8121, -1.0074,  1.3643,  0.1015,  0.95  ]
[output] 0.14863072289555507
[input_vals] [-1.0821,  1.0472,  1.0472,  0.7854,  1.6686, -0.9805,  1.3492,  0.0899,  0.95  ]
[output] 0.062397495697207137
[input_vals] [-1.0821,  1.0472,  1.0472,  0.7854,  1.6908, -1.0815,  1.3707,  0.1448,  0.95  ]
[output] 0.08048278953406193
[input_vals] [-1.0821,  1.0472,  1.0472,  0.7854,  1.7408, -1.0633,  1.3881,  0.1198,  0.95  ]
[output] 0.06789194142908721
[input_vals] [-1.0821,  1.0472,  1.0472,  0.7854,  1.734 , -1.0474,  1.4042,  0.1758,  0.95  ]
[output] 0.06551624545272969
[input_vals] [-1.0821,  1.0472,  1.0472,  0.7854,  1.6435, -0.9806,  1.2984,  0.0706,  0.95  ]
[output] 0.0728067143237507
[input_vals] [-1.0821,  1.0472,  1.0472,  0.7854,  1.7625, -1.1302,  1.3828,  0.1291,  0.95  ]
[output] 0.1064787969708667
[input_vals] [-1.0821,  1.0472,  1.0472,  0.7854,  1.7359, -1.0356,  1.3742,  0.1024,  0.95  ]
[output] 0.06647171933810384
[input_vals] [-1.0821,  1.0472,  1.0472,  0.7854,  1.7452, -1.0227,  1.3688,  0.2005,  0.95  ]
[output] 0.06866170204664578
[input_vals] [-1.0821,  1.0472,  1.0472,  0.7854,  1.7878, -1.0974,  1.3464,  0.1158,  0.95  ]
[output] 0.1080791273667031
[input_vals] [-1.0821,  1.0472,  1.0472,  0.7854,  1.6356, -1.0775,  1.3394,  0.1844,  0.95  ]
[output] 0.1263227187706296
[input_vals] [-1.0821,  1.0472,  1.0472,  0.7854,  1.7407, -0.9593,  1.3063,  0.1405,  0.95  ]
[output] 0.10828798549320515
[input_vals] [-1.0821,  1.0472,  1.0472,  0.7854,  1.6549, -1.0866,  1.3327,  0.2028,  0.95  ]
[output] 0.12041849963115124
[input_vals] [-1.0821,  1.0472,  1.0472,  0.7854,  1.7465, -1.0549,  1.3497,  0.0692,  0.95  ]
[output] 0.07540510444803308
[input_vals] [-1.0821,  1.0472,  1.0472,  0.7854,  1.751 , -1.1248,  1.4818,  0.1537,  0.95  ]
[output] 0.11018734225515947
[input_vals] [-1.0821,  1.0472,  1.0472,  0.7854,  1.69  , -1.075 ,  1.3057,  0.1855,  0.95  ]
[output] 0.08219937195084032
[input_vals] [-1.0821,  1.0472,  1.0472,  0.7854,  1.804 , -1.0838,  1.4727,  0.0507,  0.95  ]
[output] 0.12426587654894358
[input_vals] [-1.0821,  1.0472,  1.0472,  0.7854,  1.6681, -1.0481,  1.3486,  0.1562,  0.95  ]
[output] 0.07557451917593563
[input_vals] [-1.0821,  1.0472,  1.0472,  0.7854,  1.7864, -1.0216,  1.3807,  0.1736,  0.95  ]
[output] 0.10243859230608292
[input_vals] [-1.0821,  1.0472,  1.0472,  0.7854,  1.7396, -0.9918,  1.3168,  0.1769,  0.95  ]
[output] 0.07906932738047026
[input_vals] [-1.0821,  1.0472,  1.0472,  0.7854,  1.755 , -1.0474,  1.4468,  0.1016,  0.95  ]
[output] 0.07499584044719305
[input_vals] [-1.0821,  1.0472,  1.0472,  0.7854,  1.682 , -0.9592,  1.3968,  0.1486,  0.95  ]
[output] 0.06128912562463927
[input_vals] [-1.0821,  1.0472,  1.0472,  0.7854,  1.6664, -1.0754,  1.4004,  0.1068,  0.95  ]
[output] 0.08125152045745945
[input_vals] [-1.0821,  1.0472,  1.0472,  0.7854,  1.7913, -0.9582,  1.3029,  0.0235,  0.95  ]
[output] 0.19018245491649388
[input_vals] [-1.0821,  1.0472,  1.0472,  0.7854,  1.7105, -1.0696,  1.4009,  0.1177,  0.95  ]
[output] 0.0629646229864027
[input_vals] [-1.0821,  1.0472,  1.0472,  0.7854,  1.8108, -1.0988,  1.3348,  0.0602,  0.95  ]
[output] 0.13090987394535442
[input_vals] [-1.0821,  1.0472,  1.0472,  0.7854,  1.7544, -1.0498,  1.4178,  0.0814,  0.95  ]
[output] 0.07795539116478865
[input_vals] [-1.0821,  1.0472,  1.0472,  0.7854,  1.6927, -0.9809,  1.3973,  0.0291,  0.95  ]
[output] 0.08275997296043598
[input_vals] [-1.0821,  1.0472,  1.0472,  0.7854,  1.8254, -1.1164,  1.351 ,  0.1211,  0.95  ]
[output] 0.1464335210404622
[input_vals] [-1.0821,  1.0472,  1.0472,  0.7854,  1.7977, -1.0022,  1.3207,  0.0881,  0.95  ]
[output] 0.14443220970642223
[input_vals] [-1.0821,  1.0472,  1.0472,  0.7854,  1.6809, -1.1362,  1.3846,  0.1495,  0.95  ]
[output] 0.12752562164724524
[input_vals] [-1.0821,  1.0472,  1.0472,  0.7854,  1.7403, -1.1057,  1.4467,  0.0722,  0.95  ]
[output] 0.07922752909587755
[input_vals] [-1.0821,  1.0472,  1.0472,  0.7854,  1.7275, -1.0927,  1.3115,  0.0992,  0.95  ]
[output] 0.06913518197313526
[input_vals] [-1.0821,  1.0472,  1.0472,  0.7854,  1.6617, -1.1267,  1.3447,  0.1832,  0.95  ]
[output] 0.13848522314710127
[input_vals] [-1.0821,  1.0472,  1.0472,  0.7854,  1.684 , -1.1076,  1.3957,  0.1001,  0.95  ]
[output] 0.09007437940647428
[input_vals] [-1.0821,  1.0472,  1.0472,  0.7854,  1.6842, -1.0412,  1.3295,  0.1021,  0.95  ]
[output] 0.052786514014540216
[input_vals] [-1.0821,  1.0472,  1.0472,  0.7854,  1.6412, -1.0329,  1.4815,  0.1194,  0.95  ]
[output] 0.08576848456146814
[input_vals] [-1.0821,  1.0472,  1.0472,  0.7854,  1.7532, -0.9736,  1.4248,  0.2163,  0.95  ]
[output] 0.07486396365975767
[input_vals] [-1.0821,  1.0472,  1.0472,  0.7854,  1.8034, -1.1203,  1.3574,  0.1211,  0.95  ]
[output] 0.12704581387261668
[input_vals] [-1.0821,  1.0472,  1.0472,  0.7854,  1.7153, -1.1444,  1.2978,  0.0679,  0.95  ]
[output] 0.08993844749978218
[input_vals] [-1.0821,  1.0472,  1.0472,  0.7854,  1.8214, -0.9792,  1.3865,  0.1726,  0.95  ]
[output] 0.15199099554761278
[input_vals] [-1.0821,  1.0472,  1.0472,  0.7854,  1.7956, -1.1083,  1.4393,  0.1439,  0.95  ]
[output] 0.11739068578997612
[input_vals] [-1.0821,  1.0472,  1.0472,  0.7854,  1.8217, -1.1201,  1.4753,  0.0544,  0.95  ]
[output] 0.1445492958722015
[input_vals] [-1.0821,  1.0472,  1.0472,  0.7854,  1.8181, -1.137 ,  1.4334,  0.1623,  0.95  ]
[output] 0.1482716878627658
[input_vals] [-1.0821,  1.0472,  1.0472,  0.7854,  1.7644, -1.1014,  1.326 ,  0.1215,  0.95  ]
[output] 0.09223377675307545
[input_vals] [-1.0821,  1.0472,  1.0472,  0.7854,  1.668 , -0.9549,  1.442 ,  0.2208,  0.95  ]
[output] 0.06844602403603696
[input_vals] [-1.0821,  1.0472,  1.0472,  0.7854,  1.8123, -1.0994,  1.3806,  0.2206,  0.95  ]
[output] 0.1352105245294384
[input_vals] [-1.0821,  1.0472,  1.0472,  0.7854,  1.8138, -1.0271,  1.3149,  0.036 ,  0.95  ]
[output] 0.15960962613751675
[input_vals] [-1.0821,  1.0472,  1.0472,  0.7854,  1.7918, -0.9996,  1.3282,  0.1374,  0.95  ]
[output] 0.12813967524519526
[input_vals] [-1.0821,  1.0472,  1.0472,  0.7854,  1.706 , -1.0239,  1.4116,  0.1293,  0.95  ]
[output] 0.05096243558588383
[input_vals] [-1.0821,  1.0472,  1.0472,  0.7854,  1.6563, -1.0878,  1.4785,  0.1186,  0.95  ]
[output] 0.1064413749502961
[input_vals] [-1.0821,  1.0472,  1.0472,  0.7854,  1.6608, -1.0657,  1.3598,  0.0966,  0.95  ]
[output] 0.07396098573551771
[input_vals] [-1.0821,  1.0472,  1.0472,  0.7854,  1.7863, -1.0808,  1.3385,  0.1596,  0.95  ]
[output] 0.10596322332810713
[input_vals] [-1.0821,  1.0472,  1.0472,  0.7854,  1.8134, -1.0582,  1.4191,  0.1707,  0.95  ]
[output] 0.12265167854925056
[input_vals] [-1.0821,  1.0472,  1.0472,  0.7854,  1.803 , -1.0659,  1.3622,  0.1718,  0.95  ]
[output] 0.11760664148546102
[input_vals] [-1.0821,  1.0472,  1.0472,  0.7854,  1.821 , -0.9933,  1.4588,  0.0577,  0.95  ]
[output] 0.17053827565324925
[input_vals] [-1.0821,  1.0472,  1.0472,  0.7854,  1.7171, -1.1127,  1.3924,  0.1272,  0.95  ]
[output] 0.08994414590140597
[input_vals] [-1.0821,  1.0472,  1.0472,  0.7854,  1.7356, -1.0392,  1.3541,  0.0511,  0.95  ]
[output] 0.07440092179148783
[input_vals] [-1.0821,  1.0472,  1.0472,  0.7854,  1.7977, -1.1337,  1.4663,  0.1651,  0.95  ]
[output] 0.13339292439555317
[input_vals] [-1.0821,  1.0472,  1.0472,  0.7854,  1.6959, -1.0698,  1.3667,  0.1959,  0.95  ]
[output] 0.08505577545816315
[input_vals] [-1.0821,  1.0472,  1.0472,  0.7854,  1.6756, -0.981 ,  1.4605,  0.1373,  0.95  ]
[output] 0.05272695287406632
[input_vals] [-1.0821,  1.0472,  1.0472,  0.7854,  1.7889, -1.1315,  1.3111,  0.0316,  0.95  ]
[output] 0.1123756925449538
[input_vals] [-1.0821,  1.0472,  1.0472,  0.7854,  1.6955, -0.9477,  1.4866,  0.1873,  0.95  ]
[output] 0.056218782243078524
[input_vals] [-1.0821,  1.0472,  1.0472,  0.7854,  1.7381, -1.0359,  1.3238,  0.0851,  0.95  ]
[output] 0.07403023993704054
[input_vals] [-1.0821,  1.0472,  1.0472,  0.7854,  1.6431, -0.9689,  1.3804,  0.181 ,  0.95  ]
[output] 0.07897135274484197
[input_vals] [-1.0821,  1.0472,  1.0472,  0.7854,  1.7206, -1.0668,  1.3559,  0.1701,  0.95  ]
[output] 0.07003362717585575
[input_vals] [-1.0821,  1.0472,  1.0472,  0.7854,  1.8067, -0.9764,  1.3551,  0.0629,  0.95  ]
[output] 0.1730596104523713
[input_vals] [-1.0821,  1.0472,  1.0472,  0.7854,  1.7763, -1.0893,  1.3829,  0.2066,  0.95  ]
[output] 0.10421263570192416
[input_vals] [-1.0821,  1.0472,  1.0472,  0.7854,  1.7937, -1.1278,  1.3321,  0.1215,  0.95  ]
[output] 0.1220519335325194
[input_vals] [-1.0821,  1.0472,  1.0472,  0.7854,  1.6787, -0.996 ,  1.4074,  0.1056,  0.95  ]
[output] 0.05180051223237601
[input_vals] [-1.0821,  1.0472,  1.0472,  0.7854,  1.8052, -1.0947,  1.3875,  0.1638,  0.95  ]
[output] 0.12292281179075917
[input_vals] [-1.0821,  1.0472,  1.0472,  0.7854,  1.6499, -1.0558,  1.4912,  0.1135,  0.95  ]
[output] 0.08937689041872578
[input_vals] [-1.0821,  1.0472,  1.0472,  0.7854,  1.7533, -1.0029,  1.3197,  0.2049,  0.95  ]
[output] 0.08210806380312512
[input_vals] [-1.0821,  1.0472,  1.0472,  0.7854,  1.644 , -1.106 ,  1.3185,  0.0352,  0.95  ]
[output] 0.09081895804277947
[input_vals] [-1.0821,  1.0472,  1.0472,  0.7854,  1.7492, -1.0572,  1.3735,  0.0758,  0.95  ]
[output] 0.07523491791851364
[input_vals] [-1.0821,  1.0472,  1.0472,  0.7854,  1.7775, -1.0061,  1.3621,  0.0762,  0.95  ]
[output] 0.12163486719553501
[input_vals] [-1.0821,  1.0472,  1.0472,  0.7854,  1.8023, -1.0313,  1.31  ,  0.2197,  0.95  ]
[output] 0.12251793739856198
[input_vals] [-1.0821,  1.0472,  1.0472,  0.7854,  1.7147, -1.09  ,  1.451 ,  0.0586,  0.95  ]
[output] 0.0640238129323556
[input_vals] [-1.0821,  1.0472,  1.0472,  0.7854,  1.724 , -1.0829,  1.3961,  0.1536,  0.95  ]
[output] 0.07692386928184318
[input_vals] [-1.0821,  1.0472,  1.0472,  0.7854,  1.7344, -0.9898,  1.4003,  0.2136,  0.95  ]
[output] 0.06167610895920316
[input_vals] [-1.0821,  1.0472,  1.0472,  0.7854,  1.7806, -1.0331,  1.3308,  0.0876,  0.95  ]
[output] 0.11165318655601839
[input_vals] [-1.0821,  1.0472,  1.0472,  0.7854,  1.8075, -1.0432,  1.4086,  0.1616,  0.95  ]
[output] 0.11856466874125586
[input_vals] [-1.0821,  1.0472,  1.0472,  0.7854,  1.7528, -0.997 ,  1.401 ,  0.1285,  0.95  ]
[output] 0.08663038767384842
[input_vals] [-1.0821,  1.0472,  1.0472,  0.7854,  1.7284, -1.0888,  1.309 ,  0.1777,  0.95  ]
[output] 0.08159276169333127
[input_vals] [-1.0821,  1.0472,  1.0472,  0.7854,  1.7775, -1.0603,  1.4868,  0.1101,  0.95  ]
[output] 0.09113492462387918
[input_vals] [-1.0821,  1.0472,  1.0472,  0.7854,  1.703 , -1.1313,  1.3049,  0.2066,  0.95  ]
[output] 0.12117645579178693
[input_vals] [-1.0821,  1.0472,  1.0472,  0.7854,  1.75  , -1.0102,  1.41  ,  0.1535,  0.95  ]
[output] 0.07323892886362626
[input_vals] [-1.0821,  1.0472,  1.0472,  0.7854,  1.7338, -1.0919,  1.3305,  0.1614,  0.95  ]
[output] 0.08137337826461606
[input_vals] [-1.0821,  1.0472,  1.0472,  0.7854,  1.7121, -1.0009,  1.3791,  0.1791,  0.95  ]
[output] 0.054495495509792165
[input_vals] [-1.0821,  1.0472,  1.0472,  0.7854,  1.7308, -1.0251,  1.4163,  0.099 ,  0.95  ]
[output] 0.06332247316138126
[input_vals] [-1.0821,  1.0472,  1.0472,  0.7854,  1.7107, -1.1459,  1.3925,  0.1619,  0.95  ]
[output] 0.12624623290693693
[input_vals] [-1.0821,  1.0472,  1.0472,  0.7854,  1.6954, -1.0892,  1.4059,  0.2162,  0.95  ]
[output] 0.10891655200338654
[input_vals] [-1.0821,  1.0472,  1.0472,  0.7854,  1.646 , -1.0143,  1.3708,  0.1557,  0.95  ]
[output] 0.079641248122743
[input_vals] [-1.0821,  1.0472,  1.0472,  0.7854,  1.7587, -0.9827,  1.3202,  0.0605,  0.95  ]
[output] 0.12864312764421906
[input_vals] [-1.0821,  1.0472,  1.0472,  0.7854,  1.6447, -0.9927,  1.4633,  0.2023,  0.95  ]
[output] 0.09459656217341966
[input_vals] [-1.0821,  1.0472,  1.0472,  0.7854,  1.7632, -1.0958,  1.3879,  0.1132,  0.95  ]
[output] 0.08871696791272855
[input_vals] [-1.0821,  1.0472,  1.0472,  0.7854,  1.7385, -0.9503,  1.2985,  0.2114,  0.95  ]
[output] 0.09583988525129825
[input_vals] [-1.0821,  1.0472,  1.0472,  0.7854,  1.7966, -1.087 ,  1.4341,  0.0353,  0.95  ]
[output] 0.11862109987025263
[input_vals] [-1.0821,  1.0472,  1.0472,  0.7854,  1.7946, -1.0534,  1.4305,  0.0334,  0.95  ]
[output] 0.12359348782658716
[input_vals] [-1.0821,  1.0472,  1.0472,  0.7854,  1.7987, -1.0354,  1.3688,  0.1177,  0.95  ]
[output] 0.1203190023854727
[input_vals] [-1.0821,  1.0472,  1.0472,  0.7854,  1.6521, -0.9826,  1.4723,  0.0911,  0.95  ]
[output] 0.058051621114927475
[input_vals] [-1.0821,  1.0472,  1.0472,  0.7854,  1.6458, -1.126 ,  1.4391,  0.0552,  0.95  ]
[output] 0.11485622963162087
[input_vals] [-1.0821,  1.0472,  1.0472,  0.7854,  1.6682, -1.0101,  1.3142,  0.0494,  0.95  ]
[output] 0.05769691783058084
[input_vals] [-1.0821,  1.0472,  1.0472,  0.7854,  1.7101, -1.0337,  1.4266,  0.1772,  0.95  ]
[output] 0.059909464130856765
[input_vals] [-1.0821,  1.0472,  1.0472,  0.7854,  1.6765, -1.0558,  1.3678,  0.0769,  0.95  ]
[output] 0.0556797996019422
[input_vals] [-1.0821,  1.0472,  1.0472,  0.7854,  1.6348, -0.9917,  1.3309,  0.0325,  0.95  ]
[output] 0.07285142067936277
[input_vals] [-1.0821,  1.0472,  1.0472,  0.7854,  1.7017, -0.995 ,  1.3371,  0.1682,  0.95  ]
[output] 0.05579352333077234
[input_vals] [-1.0821,  1.0472,  1.0472,  0.7854,  1.6529, -0.9634,  1.4854,  0.1557,  0.95  ]
[output] 0.06759356870404593
[input_vals] [-1.0821,  1.0472,  1.0472,  0.7854,  1.7178, -1.0737,  1.3537,  0.1665,  0.95  ]
[output] 0.07281930107337783
[input_vals] [-1.0821,  1.0472,  1.0472,  0.7854,  1.6524, -0.9636,  1.3224,  0.0626,  0.95  ]
[output] 0.07787612246768663
[input_vals] [-1.0821,  1.0472,  1.0472,  0.7854,  1.7727, -1.1299,  1.3477,  0.1475,  0.95  ]
[output] 0.11314265493222204
[input_vals] [-1.0821,  1.0472,  1.0472,  0.7854,  1.7616, -1.0006,  1.379 ,  0.1923,  0.95  ]
[output] 0.0829543053991128
[input_vals] [-1.0821,  1.0472,  1.0472,  0.7854,  1.7047, -1.1471,  1.4286,  0.1501,  0.95  ]
[output] 0.12937047127284615
[input_vals] [-1.0821,  1.0472,  1.0472,  0.7854,  1.6608, -0.9813,  1.3639,  0.2129,  0.95  ]
[output] 0.07159353457491616
[input_vals] [-1.0821,  1.0472,  1.0472,  0.7854,  1.6885, -0.9938,  1.4373,  0.0463,  0.95  ]
[output] 0.06318105062494499
[input_vals] [-1.0821,  1.0472,  1.0472,  0.7854,  1.6957, -1.1388,  1.3094,  0.0584,  0.95  ]
[output] 0.08880753913502903
[input_vals] [-1.0821,  1.0472,  1.0472,  0.7854,  1.6912, -1.1047,  1.4837,  0.0794,  0.95  ]
[output] 0.08466657786993347
[input_vals] [-1.0821,  1.0472,  1.0472,  0.7854,  1.71  , -1.0203,  1.3193,  0.1034,  0.95  ]
[output] 0.059050876464629996
[input_vals] [-1.0821,  1.0472,  1.0472,  0.7854,  1.7479, -1.0068,  1.3087,  0.1082,  0.95  ]
[output] 0.0925067708131713
[input_vals] [-1.0821,  1.0472,  1.0472,  0.7854,  1.7051, -0.9909,  1.4564,  0.1017,  0.95  ]
[output] 0.05767956736615703
[input_vals] [-1.0821,  1.0472,  1.0472,  0.7854,  1.8011, -0.9476,  1.3402,  0.188 ,  0.95  ]
[output] 0.1520818071794256
[input_vals] [-1.0821,  1.0472,  1.0472,  0.7854,  1.7081, -0.9553,  1.3842,  0.1754,  0.95  ]
[output] 0.06791684008579216
[input_vals] [-1.0821,  1.0472,  1.0472,  0.7854,  1.7289, -0.9685,  1.3256,  0.1971,  0.95  ]
[output] 0.07710635756981535
[input_vals] [-1.0821,  1.0472,  1.0472,  0.7854,  1.7333, -1.0529,  1.4398,  0.1026,  0.95  ]
[output] 0.06131517224150776
[input_vals] [-1.0821,  1.0472,  1.0472,  0.7854,  1.7242, -1.0821,  1.4409,  0.0465,  0.95  ]
[output] 0.06159833051472698
[input_vals] [-1.0821,  1.0472,  1.0472,  0.7854,  1.7683, -1.1181,  1.452 ,  0.1146,  0.95  ]
[output] 0.10263591054966956
[input_vals] [-1.0821,  1.0472,  1.0472,  0.7854,  1.7946, -0.9516,  1.4888,  0.2114,  0.95  ]
[output] 0.11275131018565725
[input_vals] [-1.0821,  1.0472,  1.0472,  0.7854,  1.7501, -0.9656,  1.357 ,  0.1186,  0.95  ]
[output] 0.11141785684744575
[input_vals] [-1.0821,  1.0472,  1.0472,  0.7854,  1.7239, -1.1016,  1.49  ,  0.0262,  0.95  ]
[output] 0.06880743170671343
[input_vals] [-1.0821,  1.0472,  1.0472,  0.7854,  1.8245, -0.9736,  1.3601,  0.1492,  0.95  ]
[output] 0.1674352196563624
[input_vals] [-1.0821,  1.0472,  1.0472,  0.7854,  1.6653, -1.0793,  1.331 ,  0.1807,  0.95  ]
[output] 0.10110775245429542
[input_vals] [-1.0821,  1.0472,  1.0472,  0.7854,  1.807 , -1.0588,  1.4822,  0.2085,  0.95  ]
[output] 0.11065448831615243
[input_vals] [-1.0821,  1.0472,  1.0472,  0.7854,  1.7651, -1.1072,  1.413 ,  0.1315,  0.95  ]
[output] 0.0966476839029112
[input_vals] [-1.0821,  1.0472,  1.0472,  0.7854,  1.7378, -0.9776,  1.3427,  0.1166,  0.95  ]
[output] 0.0953719289880953
[input_vals] [-1.0821,  1.0472,  1.0472,  0.7854,  1.69  , -0.9887,  1.3727,  0.1011,  0.95  ]
[output] 0.05914571526195212
[input_vals] [-1.0821,  1.0472,  1.0472,  0.7854,  1.8056, -1.1141,  1.4661,  0.0379,  0.95  ]
[output] 0.1289206287624751
[input_vals] [-1.0821,  1.0472,  1.0472,  0.7854,  1.7927, -1.109 ,  1.4285,  0.2023,  0.95  ]
[output] 0.12187970953105419
[input_vals] [-1.0821,  1.0472,  1.0472,  0.7854,  1.7421, -1.0565,  1.3867,  0.1697,  0.95  ]
[output] 0.07047491176828645
[input_vals] [-1.0821,  1.0472,  1.0472,  0.7854,  1.7505, -0.9473,  1.3129,  0.162 ,  0.95  ]
[output] 0.11781377836386518
[input_vals] [-1.0821,  1.0472,  1.0472,  0.7854,  1.8199, -1.0721,  1.3589,  0.1827,  0.95  ]
[output] 0.13497587384755655
[input_vals] [-1.0821,  1.0472,  1.0472,  0.7854,  1.8162, -1.0602,  1.4874,  0.2137,  0.95  ]
[output] 0.11849655442212455
[input_vals] [-1.0821,  1.0472,  1.0472,  0.7854,  1.6879, -1.0637,  1.4928,  0.1797,  0.95  ]
[output] 0.09278238426047225
[input_vals] [-1.0821,  1.0472,  1.0472,  0.7854,  1.8105, -1.1108,  1.333 ,  0.0698,  0.95  ]
[output] 0.13068853390123109
[input_vals] [-1.0821,  1.0472,  1.0472,  0.7854,  1.791 , -0.9866,  1.4665,  0.0403,  0.95  ]
[output] 0.15053025951144378
[input_vals] [-1.0821,  1.0472,  1.0472,  0.7854,  1.6982, -1.0232,  1.4953,  0.1884,  0.95  ]
[output] 0.06548356735180492
[input_vals] [-1.0821,  1.0472,  1.0472,  0.7854,  1.8152, -0.966 ,  1.4008,  0.076 ,  0.95  ]
[output] 0.1800136361233557
[input_vals] [-1.0821,  1.0472,  1.0472,  0.7854,  1.7511, -1.0361,  1.3494,  0.0577,  0.95  ]
[output] 0.0875507054637523
[input_vals] [-1.0821,  1.0472,  1.0472,  0.7854,  1.8264, -1.0676,  1.4295,  0.1755,  0.95  ]
[output] 0.13528099004433553
[input_vals] [-1.0821,  1.0472,  1.0472,  0.7854,  1.8157, -0.9893,  1.3577,  0.0865,  0.95  ]
[output] 0.16640940602177834
[input_vals] [-1.0821,  1.0472,  1.0472,  0.7854,  1.6459, -1.0521,  1.4415,  0.1737,  0.95  ]
[output] 0.10975448933128566
[input_vals] [-1.0821,  1.0472,  1.0472,  0.7854,  1.6373, -1.0209,  1.3596,  0.196 ,  0.95  ]
[output] 0.10098695456134932
[input_vals] [-1.0821,  1.0472,  1.0472,  0.7854,  1.7894, -1.1343,  1.4341,  0.1552,  0.95  ]
[output] 0.12725842204082366
[input_vals] [-1.0821,  1.0472,  1.0472,  0.7854,  1.7462, -0.9808,  1.4494,  0.1021,  0.95  ]
[output] 0.09302211998091484
[input_vals] [-1.0821,  1.0472,  1.0472,  0.7854,  1.8177, -0.9622,  1.4409,  0.042 ,  0.95  ]
[output] 0.19444653497660247
[input_vals] [-1.0821,  1.0472,  1.0472,  0.7854,  1.8053, -0.9775,  1.4135,  0.1903,  0.95  ]
[output] 0.12802239998428724
[input_vals] [-1.0821,  1.0472,  1.0472,  0.7854,  1.7876, -1.1326,  1.3837,  0.0513,  0.95  ]
[output] 0.1140849683379382
[input_vals] [-1.0821,  1.0472,  1.0472,  0.7854,  1.8243, -0.9815,  1.3579,  0.031 ,  0.95  ]
[output] 0.19652173781118365
[input_vals] [-1.0821,  1.0472,  1.0472,  0.7854,  1.8182, -1.0324,  1.4833,  0.088 ,  0.95  ]
[output] 0.13979073320678792
[input_vals] [-1.0821,  1.0472,  1.0472,  0.7854,  1.8067, -1.1424,  1.3134,  0.0874,  0.95  ]
[output] 0.13425858860669448
[input_vals] [-1.0821,  1.0472,  1.0472,  0.7854,  1.6436, -1.033 ,  1.4656,  0.0841,  0.95  ]
[output] 0.07082598272687946
[input_vals] [-1.0821,  1.0472,  1.0472,  0.7854,  1.7232, -1.0731,  1.4844,  0.2117,  0.95  ]
[output] 0.09255003054952436
[input_vals] [-1.0821,  1.0472,  1.0472,  0.7854,  1.67  , -0.9852,  1.4789,  0.1023,  0.95  ]
[output] 0.0516755569740545
[input_vals] [-1.0821,  1.0472,  1.0472,  0.7854,  1.7232, -1.1453,  1.3329,  0.176 ,  0.95  ]
[output] 0.12092175781419993
[input_vals] [-1.0821,  1.0472,  1.0472,  0.7854,  1.7964, -1.1451,  1.4653,  0.0625,  0.95  ]
[output] 0.12937660787600508
[input_vals] [-1.0821,  1.0472,  1.0472,  0.7854,  1.7516, -0.9588,  1.4272,  0.0516,  0.95  ]
[output] 0.13450971823254293
[input_vals] [-1.0821,  1.0472,  1.0472,  0.7854,  1.724 , -0.9993,  1.4197,  0.1012,  0.95  ]
[output] 0.06809527409927608
[input_vals] [-1.0821,  1.0472,  1.0472,  0.7854,  1.6885, -1.089 ,  1.4684,  0.049 ,  0.95  ]
[output] 0.06500453019469947
[input_vals] [-1.0821,  1.0472,  1.0472,  0.7854,  1.6408, -1.0287,  1.4086,  0.1958,  0.95  ]
[output] 0.10636293965648275
[input_vals] [-1.0821,  1.0472,  1.0472,  0.7854,  1.6445, -1.0535,  1.4495,  0.2024,  0.95  ]
[output] 0.12358116417579076
[input_vals] [-1.0821,  1.0472,  1.0472,  0.7854,  1.7062, -1.0059,  1.4497,  0.1897,  0.95  ]
[output] 0.05403693821626743
[input_vals] [-1.0821,  1.0472,  1.0472,  0.7854,  1.7953, -1.0083,  1.3657,  0.0535,  0.95  ]
[output] 0.14339264500714888
[input_vals] [-1.0821,  1.0472,  1.0472,  0.7854,  1.7909, -1.0067,  1.3692,  0.1333,  0.95  ]
[output] 0.11977775844140051
[input_vals] [-1.0821,  1.0472,  1.0472,  0.7854,  1.8278, -1.041 ,  1.3019,  0.0425,  0.95  ]
[output] 0.1670573197671967
[input_vals] [-1.0821,  1.0472,  1.0472,  0.7854,  1.6349, -0.9898,  1.4208,  0.1177,  0.95  ]
[output] 0.07586280196840856
[input_vals] [-1.0821,  1.0472,  1.0472,  0.7854,  1.637 , -0.9841,  1.3443,  0.1571,  0.95  ]
[output] 0.08029256003748439
[input_vals] [-1.0821,  1.0472,  1.0472,  0.7854,  1.7213, -1.0282,  1.4853,  0.1911,  0.95  ]
[output] 0.061004591977164596
[input_vals] [-1.0821,  1.0472,  1.0472,  0.7854,  1.725 , -1.1101,  1.4474,  0.0999,  0.95  ]
[output] 0.08442122469852478
[input_vals] [-1.0821,  1.0472,  1.0472,  0.7854,  1.8183, -0.9578,  1.4038,  0.1144,  0.95  ]
[output] 0.1752710957293361
[input_vals] [-1.0821,  1.0472,  1.0472,  0.7854,  1.6695, -0.9757,  1.4349,  0.1636,  0.95  ]
[output] 0.05837997827755495
[input_vals] [-1.0821,  1.0472,  1.0472,  0.7854,  1.6758, -1.0113,  1.4823,  0.1648,  0.95  ]
[output] 0.06442562927657419
