[input_vals] [-0.9425,  1.0472,  0.3491,  1.0996,  1.7279, -1.0472, -0.2327,  1.0647,  0.5588]
[output] 0.129549274297444
[input_vals] [-0.9425,  1.0472,  0.3491,  1.0996,  1.7279, -1.0472, -0.2327,  1.0647,  0.5742]
[output] 0.13092075656562968
[input_vals] [-0.9425,  1.0472,  0.3491,  1.0996,  1.7279, -1.0472, -0.2327,  1.0647,  0.6004]
[output] 0.14934562277579752
[input_vals] [-0.9425,  1.0472,  0.3491,  1.0996,  1.7279, -1.0472, -0.2327,  1.0647,  0.5839]
[output] 0.13513306305333656
[input_vals] [-0.9425,  1.0472,  0.3491,  1.0996,  1.7279, -1.0472, -0.2327,  1.0647,  0.6264]
[output] 0.1907804186938341
[input_vals] [-0.9425,  1.0472,  0.3491,  1.0996,  1.7279, -1.0472, -0.2327,  1.0647,  0.5962]
[output] 0.14483255266024378
[input_vals] [-0.9425,  1.0472,  0.3491,  1.0996,  1.7279, -1.0472, -0.2327,  1.0647,  0.5815]
[output] 0.13382409592717182
[input_vals] [-0.9425,  1.0472,  0.3491,  1.0996,  1.7279, -1.0472, -0.2327,  1.0647,  0.5436]
[output] 0.1330825084937068
[input_vals] [-0.9425,  1.0472,  0.3491,  1.0996,  1.7279, -1.0472, -0.2327,  1.0647,  0.6058]
[output] 0.1561137414288494
[input_vals] [-0.9425,  1.0472,  0.3491,  1.0996,  1.7279, -1.0472, -0.2327,  1.0647,  0.6023]
[output] 0.15165056001833235
[input_vals] [-0.9425,  1.0472,  0.3491,  1.0996,  1.7279, -1.0472, -0.2327,  1.0647,  0.5451]
[output] 0.13258451131068547
[input_vals] [-0.9425,  1.0472,  0.3491,  1.0996,  1.7279, -1.0472, -0.2327,  1.0647,  0.5962]
[output] 0.1448794668368017
[input_vals] [-0.9425,  1.0472,  0.3491,  1.0996,  1.7279, -1.0472, -0.2327,  1.0647,  0.5744]
[output] 0.13097408225471793
[input_vals] [-0.9425,  1.0472,  0.3491,  1.0996,  1.7279, -1.0472, -0.2327,  1.0647,  0.6073]
[output] 0.15815549504013554
[input_vals] [-0.9425,  1.0472,  0.3491,  1.0996,  1.7279, -1.0472, -0.2327,  1.0647,  0.5692]
[output] 0.12980794677294938
[input_vals] [-0.9425,  1.0472,  0.3491,  1.0996,  1.7279, -1.0472, -0.2327,  1.0647,  0.5498]
[output] 0.13118522420787648
[input_vals] [-0.9425,  1.0472,  0.3491,  1.0996,  1.7279, -1.0472, -0.2327,  1.0647,  0.6092]
[output] 0.16083297580583372
[input_vals] [-0.9425,  1.0472,  0.3491,  1.0996,  1.7279, -1.0472, -0.2327,  1.0647,  0.5903]
[output] 0.1395895927456962
[input_vals] [-0.9425,  1.0472,  0.3491,  1.0996,  1.7279, -1.0472, -0.2327,  1.0647,  0.5356]
[output] 0.13629761824003395
[input_vals] [-0.9425,  1.0472,  0.3491,  1.0996,  1.7279, -1.0472, -0.2327,  1.0647,  0.5912]
[output] 0.14027838328765174
[input_vals] [-0.9425,  1.0472,  0.3491,  1.0996,  1.7279, -1.0472, -0.2327,  1.0647,  0.5863]
[output] 0.13663608194052515
[input_vals] [-0.9425,  1.0472,  0.3491,  1.0996,  1.7279, -1.0472, -0.2327,  1.0647,  0.6082]
[output] 0.15929262829192642
[input_vals] [-0.9425,  1.0472,  0.3491,  1.0996,  1.7279, -1.0472, -0.2327,  1.0647,  0.6072]
[output] 0.15801195456795425
[input_vals] [-0.9425,  1.0472,  0.3491,  1.0996,  1.7279, -1.0472, -0.2327,  1.0647,  0.6007]
[output] 0.14968550501708155
[input_vals] [-0.9425,  1.0472,  0.3491,  1.0996,  1.7279, -1.0472, -0.2327,  1.0647,  0.6311]
[output] 0.20059672688476504
[input_vals] [-0.9425,  1.0472,  0.3491,  1.0996,  1.7279, -1.0472, -0.2327,  1.0647,  0.6145]
[output] 0.1689595675611036
[input_vals] [-0.9425,  1.0472,  0.3491,  1.0996,  1.7279, -1.0472, -0.2327,  1.0647,  0.6081]
[output] 0.15925843335028406
[input_vals] [-0.9425,  1.0472,  0.3491,  1.0996,  1.7279, -1.0472, -0.2327,  1.0647,  0.5371]
[output] 0.1356264034108421
[input_vals] [-0.9425,  1.0472,  0.3491,  1.0996,  1.7279, -1.0472, -0.2327,  1.0647,  0.6198]
[output] 0.1780549484700647
[input_vals] [-0.9425,  1.0472,  0.3491,  1.0996,  1.7279, -1.0472, -0.2327,  1.0647,  0.573 ]
[output] 0.13058254949669953
[input_vals] [-0.9425,  1.0472,  0.3491,  1.0996,  1.7279, -1.0472, -0.2327,  1.0647,  0.5898]
[output] 0.1391824764135506
[input_vals] [-0.9425,  1.0472,  0.3491,  1.0996,  1.7279, -1.0472, -0.2327,  1.0647,  0.5391]
[output] 0.13480899611857308
[input_vals] [-0.9425,  1.0472,  0.3491,  1.0996,  1.7279, -1.0472, -0.2327,  1.0647,  0.6182]
[output] 0.17520853882299778
[input_vals] [-0.9425,  1.0472,  0.3491,  1.0996,  1.7279, -1.0472, -0.2327,  1.0647,  0.6091]
[output] 0.16057339459571254
[input_vals] [-0.9425,  1.0472,  0.3491,  1.0996,  1.7279, -1.0472, -0.2327,  1.0647,  0.5846]
[output] 0.13557800907019643
[input_vals] [-0.9425,  1.0472,  0.3491,  1.0996,  1.7279, -1.0472, -0.2327,  1.0647,  0.6168]
[output] 0.1727563936336662
[input_vals] [-0.9425,  1.0472,  0.3491,  1.0996,  1.7279, -1.0472, -0.2327,  1.0647,  0.6124]
[output] 0.16559942689854118
[input_vals] [-0.9425,  1.0472,  0.3491,  1.0996,  1.7279, -1.0472, -0.2327,  1.0647,  0.5641]
[output] 0.1293579940538147
[input_vals] [-0.9425,  1.0472,  0.3491,  1.0996,  1.7279, -1.0472, -0.2327,  1.0647,  0.6053]
[output] 0.15540061746367131
[input_vals] [-0.9425,  1.0472,  0.3491,  1.0996,  1.7279, -1.0472, -0.2327,  1.0647,  0.6196]
[output] 0.17779638307577317
[input_vals] [-0.9425,  1.0472,  0.3491,  1.0996,  1.7279, -1.0472, -0.2327,  1.0647,  0.5403]
[output] 0.1343166766072997
[input_vals] [-0.9425,  1.0472,  0.3491,  1.0996,  1.7279, -1.0472, -0.2327,  1.0647,  0.5913]
[output] 0.14040549923525286
[input_vals] [-0.9425,  1.0472,  0.3491,  1.0996,  1.7279, -1.0472, -0.2327,  1.0647,  0.5734]
[output] 0.13067908418844393
[input_vals] [-0.9425,  1.0472,  0.3491,  1.0996,  1.7279, -1.0472, -0.2327,  1.0647,  0.6177]
[output] 0.17438131211764935
[input_vals] [-0.9425,  1.0472,  0.3491,  1.0996,  1.7279, -1.0472, -0.2327,  1.0647,  0.5998]
[output] 0.14866187379216012
[input_vals] [-0.9425,  1.0472,  0.3491,  1.0996,  1.7279, -1.0472, -0.2327,  1.0647,  0.5923]
[output] 0.1412615612022174
[input_vals] [-0.9425,  1.0472,  0.3491,  1.0996,  1.7279, -1.0472, -0.2327,  1.0647,  0.5539]
[output] 0.13024282962137151
[input_vals] [-0.9425,  1.0472,  0.3491,  1.0996,  1.7279, -1.0472, -0.2327,  1.0647,  0.589 ]
[output] 0.13852281517494136
[input_vals] [-0.9425,  1.0472,  0.3491,  1.0996,  1.7279, -1.0472, -0.2327,  1.0647,  0.5545]
[output] 0.1301444953196446
[input_vals] [-0.9425,  1.0472,  0.3491,  1.0996,  1.7279, -1.0472, -0.2327,  1.0647,  0.5644]
[output] 0.12936613320179752
[input_vals] [-0.9425,  1.0472,  0.3491,  1.0996,  1.7279, -1.0472, -0.2327,  1.0647,  0.5753]
[output] 0.1312532410535528
[input_vals] [-0.9425,  1.0472,  0.3491,  1.0996,  1.7279, -1.0472, -0.2327,  1.0647,  0.5472]
[output] 0.131915760754001
[input_vals] [-0.9425,  1.0472,  0.3491,  1.0996,  1.7279, -1.0472, -0.2327,  1.0647,  0.5451]
[output] 0.1325859981619621
[input_vals] [-0.9425,  1.0472,  0.3491,  1.0996,  1.7279, -1.0472, -0.2327,  1.0647,  0.5429]
[output] 0.13334343301911514
[input_vals] [-0.9425,  1.0472,  0.3491,  1.0996,  1.7279, -1.0472, -0.2327,  1.0647,  0.6067]
[output] 0.1572572204955856
[input_vals] [-0.9425,  1.0472,  0.3491,  1.0996,  1.7279, -1.0472, -0.2327,  1.0647,  0.608 ]
[output] 0.1590384915335049
[input_vals] [-0.9425,  1.0472,  0.3491,  1.0996,  1.7279, -1.0472, -0.2327,  1.0647,  0.5508]
[output] 0.13091805572248202
[input_vals] [-0.9425,  1.0472,  0.3491,  1.0996,  1.7279, -1.0472, -0.2327,  1.0647,  0.5981]
[output] 0.1467883947943061
[input_vals] [-0.9425,  1.0472,  0.3491,  1.0996,  1.7279, -1.0472, -0.2327,  1.0647,  0.5522]
[output] 0.13060811422875018
[input_vals] [-0.9425,  1.0472,  0.3491,  1.0996,  1.7279, -1.0472, -0.2327,  1.0647,  0.57  ]
[output] 0.12994115243159776
[input_vals] [-0.9425,  1.0472,  0.3491,  1.0996,  1.7279, -1.0472, -0.2327,  1.0647,  0.5341]
[output] 0.13696602656934118
[input_vals] [-0.9425,  1.0472,  0.3491,  1.0996,  1.7279, -1.0472, -0.2327,  1.0647,  0.6083]
[output] 0.15954511477725045
[input_vals] [-0.9425,  1.0472,  0.3491,  1.0996,  1.7279, -1.0472, -0.2327,  1.0647,  0.5748]
[output] 0.13110108654574318
[input_vals] [-0.9425,  1.0472,  0.3491,  1.0996,  1.7279, -1.0472, -0.2327,  1.0647,  0.5786]
[output] 0.13248941192494562
[input_vals] [-0.9425,  1.0472,  0.3491,  1.0996,  1.7279, -1.0472, -0.2327,  1.0647,  0.6035]
[output] 0.15304265569631004
[input_vals] [-0.9425,  1.0472,  0.3491,  1.0996,  1.7279, -1.0472, -0.2327,  1.0647,  0.5682]
[output] 0.12966705550709184
[input_vals] [-0.9425,  1.0472,  0.3491,  1.0996,  1.7279, -1.0472, -0.2327,  1.0647,  0.546 ]
[output] 0.13227169885964665
[input_vals] [-0.9425,  1.0472,  0.3491,  1.0996,  1.7279, -1.0472, -0.2327,  1.0647,  0.6007]
[output] 0.1497224471994992
[input_vals] [-0.9425,  1.0472,  0.3491,  1.0996,  1.7279, -1.0472, -0.2327,  1.0647,  0.579 ]
[output] 0.13263742313395738
[input_vals] [-0.9425,  1.0472,  0.3491,  1.0996,  1.7279, -1.0472, -0.2327,  1.0647,  0.5483]
[output] 0.1315902700402936
[input_vals] [-0.9425,  1.0472,  0.3491,  1.0996,  1.7279, -1.0472, -0.2327,  1.0647,  0.5472]
[output] 0.13190450526419464
[input_vals] [-0.9425,  1.0472,  0.3491,  1.0996,  1.7279, -1.0472, -0.2327,  1.0647,  0.6315]
[output] 0.2014804445462265
[input_vals] [-0.9425,  1.0472,  0.3491,  1.0996,  1.7279, -1.0472, -0.2327,  1.0647,  0.5813]
[output] 0.13372599260861584
[input_vals] [-0.9425,  1.0472,  0.3491,  1.0996,  1.7279, -1.0472, -0.2327,  1.0647,  0.5719]
[output] 0.13032558185487694
[input_vals] [-0.9425,  1.0472,  0.3491,  1.0996,  1.7279, -1.0472, -0.2327,  1.0647,  0.543 ]
[output] 0.13330863717239583
[input_vals] [-0.9425,  1.0472,  0.3491,  1.0996,  1.7279, -1.0472, -0.2327,  1.0647,  0.5373]
[output] 0.1355651944718903
[input_vals] [-0.9425,  1.0472,  0.3491,  1.0996,  1.7279, -1.0472, -0.2327,  1.0647,  0.599 ]
[output] 0.1477462224111461
[input_vals] [-0.9425,  1.0472,  0.3491,  1.0996,  1.7279, -1.0472, -0.2327,  1.0647,  0.6209]
[output] 0.18007401504837098
[input_vals] [-0.9425,  1.0472,  0.3491,  1.0996,  1.7279, -1.0472, -0.2327,  1.0647,  0.5616]
[output] 0.12937056605168387
[input_vals] [-0.9425,  1.0472,  0.3491,  1.0996,  1.7279, -1.0472, -0.2327,  1.0647,  0.611 ]
[output] 0.16350853139946317
[input_vals] [-0.9425,  1.0472,  0.3491,  1.0996,  1.7279, -1.0472, -0.2327,  1.0647,  0.6185]
[output] 0.1757405748208009
[input_vals] [-0.9425,  1.0472,  0.3491,  1.0996,  1.7279, -1.0472, -0.2327,  1.0647,  0.5788]
[output] 0.13255070513519698
[input_vals] [-0.9425,  1.0472,  0.3491,  1.0996,  1.7279, -1.0472, -0.2327,  1.0647,  0.5992]
[output] 0.14803035071794202
[input_vals] [-0.9425,  1.0472,  0.3491,  1.0996,  1.7279, -1.0472, -0.2327,  1.0647,  0.6101]
[output] 0.16217310825236772
[input_vals] [-0.9425,  1.0472,  0.3491,  1.0996,  1.7279, -1.0472, -0.2327,  1.0647,  0.5996]
[output] 0.14845824032273464
[input_vals] [-0.9425,  1.0472,  0.3491,  1.0996,  1.7279, -1.0472, -0.2327,  1.0647,  0.5985]
[output] 0.14728928879609243
[input_vals] [-0.9425,  1.0472,  0.3491,  1.0996,  1.7279, -1.0472, -0.2327,  1.0647,  0.6124]
[output] 0.16562208907366363
[input_vals] [-0.9425,  1.0472,  0.3491,  1.0996,  1.7279, -1.0472, -0.2327,  1.0647,  0.6015]
[output] 0.15062411678703705
[input_vals] [-0.9425,  1.0472,  0.3491,  1.0996,  1.7279, -1.0472, -0.2327,  1.0647,  0.6029]
[output] 0.15230483498259825
[input_vals] [-0.9425,  1.0472,  0.3491,  1.0996,  1.7279, -1.0472, -0.2327,  1.0647,  0.5516]
[output] 0.13074332265473668
[input_vals] [-0.9425,  1.0472,  0.3491,  1.0996,  1.7279, -1.0472, -0.2327,  1.0647,  0.5953]
[output] 0.14392753392873153
[input_vals] [-0.9425,  1.0472,  0.3491,  1.0996,  1.7279, -1.0472, -0.2327,  1.0647,  0.6302]
[output] 0.19877853029800732
[input_vals] [-0.9425,  1.0472,  0.3491,  1.0996,  1.7279, -1.0472, -0.2327,  1.0647,  0.5652]
[output] 0.12940148932411039
[input_vals] [-0.9425,  1.0472,  0.3491,  1.0996,  1.7279, -1.0472, -0.2327,  1.0647,  0.5869]
[output] 0.13706776825080774
[input_vals] [-0.9425,  1.0472,  0.3491,  1.0996,  1.7279, -1.0472, -0.2327,  1.0647,  0.5646]
[output] 0.1293720599811264
[input_vals] [-0.9425,  1.0472,  0.3491,  1.0996,  1.7279, -1.0472, -0.2327,  1.0647,  0.62  ]
[output] 0.17845964118417548
[input_vals] [-0.9425,  1.0472,  0.3491,  1.0996,  1.7279, -1.0472, -0.2327,  1.0647,  0.569 ]
[output] 0.12976804828828772
[input_vals] [-0.9425,  1.0472,  0.3491,  1.0996,  1.7279, -1.0472, -0.2327,  1.0647,  0.5763]
[output] 0.1315806770938805
[input_vals] [-0.9425,  1.0472,  0.3491,  1.0996,  1.7279, -1.0472, -0.2327,  1.0647,  0.5408]
[output] 0.13414351260443982
[input_vals] [-0.9425,  1.0472,  0.3491,  1.0996,  1.7279, -1.0472, -0.2327,  1.0647,  0.5825]
[output] 0.1343184069502791
[input_vals] [-0.9425,  1.0472,  0.3491,  1.0996,  1.7279, -1.0472, -0.2327,  1.0647,  0.5702]
[output] 0.12996250322041944
[input_vals] [-0.9425,  1.0472,  0.3491,  1.0996,  1.7279, -1.0472, -0.2327,  1.0647,  0.5687]
[output] 0.12973814358694635
[input_vals] [-0.9425,  1.0472,  0.3491,  1.0996,  1.7279, -1.0472, -0.2327,  1.0647,  0.5817]
[output] 0.13391793818852504
[input_vals] [-0.9425,  1.0472,  0.3491,  1.0996,  1.7279, -1.0472, -0.2327,  1.0647,  0.5561]
[output] 0.12987747086525725
[input_vals] [-0.9425,  1.0472,  0.3491,  1.0996,  1.7279, -1.0472, -0.2327,  1.0647,  0.5445]
[output] 0.1327771691015861
[input_vals] [-0.9425,  1.0472,  0.3491,  1.0996,  1.7279, -1.0472, -0.2327,  1.0647,  0.5674]
[output] 0.12957418388583006
[input_vals] [-0.9425,  1.0472,  0.3491,  1.0996,  1.7279, -1.0472, -0.2327,  1.0647,  0.6047]
[output] 0.15457437206025715
[input_vals] [-0.9425,  1.0472,  0.3491,  1.0996,  1.7279, -1.0472, -0.2327,  1.0647,  0.5647]
[output] 0.12937665824575598
[input_vals] [-0.9425,  1.0472,  0.3491,  1.0996,  1.7279, -1.0472, -0.2327,  1.0647,  0.6316]
[output] 0.20169679697716247
[input_vals] [-0.9425,  1.0472,  0.3491,  1.0996,  1.7279, -1.0472, -0.2327,  1.0647,  0.596 ]
[output] 0.14461060357452896
[input_vals] [-0.9425,  1.0472,  0.3491,  1.0996,  1.7279, -1.0472, -0.2327,  1.0647,  0.592 ]
[output] 0.14095570235305926
[input_vals] [-0.9425,  1.0472,  0.3491,  1.0996,  1.7279, -1.0472, -0.2327,  1.0647,  0.5621]
[output] 0.1293561283529291
[input_vals] [-0.9425,  1.0472,  0.3491,  1.0996,  1.7279, -1.0472, -0.2327,  1.0647,  0.5582]
[output] 0.1296091661360057
[input_vals] [-0.9425,  1.0472,  0.3491,  1.0996,  1.7279, -1.0472, -0.2327,  1.0647,  0.5531]
[output] 0.13040823964545054
[input_vals] [-0.9425,  1.0472,  0.3491,  1.0996,  1.7279, -1.0472, -0.2327,  1.0647,  0.5924]
[output] 0.14128345912667645
[input_vals] [-0.9425,  1.0472,  0.3491,  1.0996,  1.7279, -1.0472, -0.2327,  1.0647,  0.5491]
[output] 0.1313616836370785
[input_vals] [-0.9425,  1.0472,  0.3491,  1.0996,  1.7279, -1.0472, -0.2327,  1.0647,  0.5612]
[output] 0.12938268203395004
[input_vals] [-0.9425,  1.0472,  0.3491,  1.0996,  1.7279, -1.0472, -0.2327,  1.0647,  0.6241]
[output] 0.18626221701567564
[input_vals] [-0.9425,  1.0472,  0.3491,  1.0996,  1.7279, -1.0472, -0.2327,  1.0647,  0.5992]
[output] 0.14801957028339852
[input_vals] [-0.9425,  1.0472,  0.3491,  1.0996,  1.7279, -1.0472, -0.2327,  1.0647,  0.5764]
[output] 0.13160814050157613
[input_vals] [-0.9425,  1.0472,  0.3491,  1.0996,  1.7279, -1.0472, -0.2327,  1.0647,  0.5737]
[output] 0.1307648342196478
[input_vals] [-0.9425,  1.0472,  0.3491,  1.0996,  1.7279, -1.0472, -0.2327,  1.0647,  0.5899]
[output] 0.13921690123843633
[input_vals] [-0.9425,  1.0472,  0.3491,  1.0996,  1.7279, -1.0472, -0.2327,  1.0647,  0.5349]
[output] 0.13660015920991345
[input_vals] [-0.9425,  1.0472,  0.3491,  1.0996,  1.7279, -1.0472, -0.2327,  1.0647,  0.6087]
[output] 0.1600296727903565
[input_vals] [-0.9425,  1.0472,  0.3491,  1.0996,  1.7279, -1.0472, -0.2327,  1.0647,  0.6199]
[output] 0.17817388655929234
[input_vals] [-0.9425,  1.0472,  0.3491,  1.0996,  1.7279, -1.0472, -0.2327,  1.0647,  0.5828]
[output] 0.13449155292448567
[input_vals] [-0.9425,  1.0472,  0.3491,  1.0996,  1.7279, -1.0472, -0.2327,  1.0647,  0.5357]
[output] 0.1362674174094843
[input_vals] [-0.9425,  1.0472,  0.3491,  1.0996,  1.7279, -1.0472, -0.2327,  1.0647,  0.5483]
[output] 0.13157565988855052
[input_vals] [-0.9425,  1.0472,  0.3491,  1.0996,  1.7279, -1.0472, -0.2327,  1.0647,  0.6017]
[output] 0.15093512277769697
[input_vals] [-0.9425,  1.0472,  0.3491,  1.0996,  1.7279, -1.0472, -0.2327,  1.0647,  0.6083]
[output] 0.15941988660291445
[input_vals] [-0.9425,  1.0472,  0.3491,  1.0996,  1.7279, -1.0472, -0.2327,  1.0647,  0.5599]
[output] 0.12945502788795862
[input_vals] [-0.9425,  1.0472,  0.3491,  1.0996,  1.7279, -1.0472, -0.2327,  1.0647,  0.559 ]
[output] 0.1295308376958522
[input_vals] [-0.9425,  1.0472,  0.3491,  1.0996,  1.7279, -1.0472, -0.2327,  1.0647,  0.5717]
[output] 0.1302747958641463
[input_vals] [-0.9425,  1.0472,  0.3491,  1.0996,  1.7279, -1.0472, -0.2327,  1.0647,  0.6096]
[output] 0.16143697187230452
[input_vals] [-0.9425,  1.0472,  0.3491,  1.0996,  1.7279, -1.0472, -0.2327,  1.0647,  0.585 ]
[output] 0.13576943155694468
[input_vals] [-0.9425,  1.0472,  0.3491,  1.0996,  1.7279, -1.0472, -0.2327,  1.0647,  0.5723]
[output] 0.13040680109217592
[input_vals] [-0.9425,  1.0472,  0.3491,  1.0996,  1.7279, -1.0472, -0.2327,  1.0647,  0.5499]
[output] 0.1311524035025592
[input_vals] [-0.9425,  1.0472,  0.3491,  1.0996,  1.7279, -1.0472, -0.2327,  1.0647,  0.539 ]
[output] 0.13486909238356115
[input_vals] [-0.9425,  1.0472,  0.3491,  1.0996,  1.7279, -1.0472, -0.2327,  1.0647,  0.548 ]
[output] 0.13168670242224553
[input_vals] [-0.9425,  1.0472,  0.3491,  1.0996,  1.7279, -1.0472, -0.2327,  1.0647,  0.6192]
[output] 0.17708352285284007
[input_vals] [-0.9425,  1.0472,  0.3491,  1.0996,  1.7279, -1.0472, -0.2327,  1.0647,  0.5743]
[output] 0.1309444265744588
[input_vals] [-0.9425,  1.0472,  0.3491,  1.0996,  1.7279, -1.0472, -0.2327,  1.0647,  0.5959]
[output] 0.14453860767286605
[input_vals] [-0.9425,  1.0472,  0.3491,  1.0996,  1.7279, -1.0472, -0.2327,  1.0647,  0.5875]
[output] 0.13748366330303263
[input_vals] [-0.9425,  1.0472,  0.3491,  1.0996,  1.7279, -1.0472, -0.2327,  1.0647,  0.6038]
[output] 0.15348544909105574
[input_vals] [-0.9425,  1.0472,  0.3491,  1.0996,  1.7279, -1.0472, -0.2327,  1.0647,  0.609 ]
[output] 0.16051108726404287
[input_vals] [-0.9425,  1.0472,  0.3491,  1.0996,  1.7279, -1.0472, -0.2327,  1.0647,  0.551 ]
[output] 0.13088721171462295
[input_vals] [-0.9425,  1.0472,  0.3491,  1.0996,  1.7279, -1.0472, -0.2327,  1.0647,  0.5399]
[output] 0.13447348828348754
[input_vals] [-0.9425,  1.0472,  0.3491,  1.0996,  1.7279, -1.0472, -0.2327,  1.0647,  0.5939]
[output] 0.14269245871698705
[input_vals] [-0.9425,  1.0472,  0.3491,  1.0996,  1.7279, -1.0472, -0.2327,  1.0647,  0.586 ]
[output] 0.13644108101279234
[input_vals] [-0.9425,  1.0472,  0.3491,  1.0996,  1.7279, -1.0472, -0.2327,  1.0647,  0.5673]
[output] 0.129556304833101
[input_vals] [-0.9425,  1.0472,  0.3491,  1.0996,  1.7279, -1.0472, -0.2327,  1.0647,  0.5962]
[output] 0.14484815439166285
[input_vals] [-0.9425,  1.0472,  0.3491,  1.0996,  1.7279, -1.0472, -0.2327,  1.0647,  0.5892]
[output] 0.13870753315873147
[input_vals] [-0.9425,  1.0472,  0.3491,  1.0996,  1.7279, -1.0472, -0.2327,  1.0647,  0.609 ]
[output] 0.1604311895162704
[input_vals] [-0.9425,  1.0472,  0.3491,  1.0996,  1.7279, -1.0472, -0.2327,  1.0647,  0.5894]
[output] 0.13884993034977716
[input_vals] [-0.9425,  1.0472,  0.3491,  1.0996,  1.7279, -1.0472, -0.2327,  1.0647,  0.5702]
[output] 0.1299774182569777
[input_vals] [-0.9425,  1.0472,  0.3491,  1.0996,  1.7279, -1.0472, -0.2327,  1.0647,  0.5435]
[output] 0.1331268571042631
[input_vals] [-0.9425,  1.0472,  0.3491,  1.0996,  1.7279, -1.0472, -0.2327,  1.0647,  0.5536]
[output] 0.1303104975455855
[input_vals] [-0.9425,  1.0472,  0.3491,  1.0996,  1.7279, -1.0472, -0.2327,  1.0647,  0.6001]
[output] 0.14901160906119468
[input_vals] [-0.9425,  1.0472,  0.3491,  1.0996,  1.7279, -1.0472, -0.2327,  1.0647,  0.558 ]
[output] 0.12963308760263217
[input_vals] [-0.9425,  1.0472,  0.3491,  1.0996,  1.7279, -1.0472, -0.2327,  1.0647,  0.5407]
[output] 0.1341706944388425
[input_vals] [-0.9425,  1.0472,  0.3491,  1.0996,  1.7279, -1.0472, -0.2327,  1.0647,  0.602 ]
[output] 0.15123909099486504
[input_vals] [-0.9425,  1.0472,  0.3491,  1.0996,  1.7279, -1.0472, -0.2327,  1.0647,  0.6143]
[output] 0.1686847253665043
[input_vals] [-0.9425,  1.0472,  0.3491,  1.0996,  1.7279, -1.0472, -0.2327,  1.0647,  0.5761]
[output] 0.131498598835758
[input_vals] [-0.9425,  1.0472,  0.3491,  1.0996,  1.7279, -1.0472, -0.2327,  1.0647,  0.6126]
[output] 0.16587882547687377
[input_vals] [-0.9425,  1.0472,  0.3491,  1.0996,  1.7279, -1.0472, -0.2327,  1.0647,  0.6316]
[output] 0.20174028853565362
[input_vals] [-0.9425,  1.0472,  0.3491,  1.0996,  1.7279, -1.0472, -0.2327,  1.0647,  0.6121]
[output] 0.1651318187287147
[input_vals] [-0.9425,  1.0472,  0.3491,  1.0996,  1.7279, -1.0472, -0.2327,  1.0647,  0.6108]
[output] 0.163128859996516
[input_vals] [-0.9425,  1.0472,  0.3491,  1.0996,  1.7279, -1.0472, -0.2327,  1.0647,  0.6108]
[output] 0.16316021392626798
[input_vals] [-0.9425,  1.0472,  0.3491,  1.0996,  1.7279, -1.0472, -0.2327,  1.0647,  0.6086]
[output] 0.15989711532203438
[input_vals] [-0.9425,  1.0472,  0.3491,  1.0996,  1.7279, -1.0472, -0.2327,  1.0647,  0.5833]
[output] 0.13478838483089045
[input_vals] [-0.9425,  1.0472,  0.3491,  1.0996,  1.7279, -1.0472, -0.2327,  1.0647,  0.6061]
[output] 0.1564548256126498
[input_vals] [-0.9425,  1.0472,  0.3491,  1.0996,  1.7279, -1.0472, -0.2327,  1.0647,  0.5378]
[output] 0.13532724689221004
[input_vals] [-0.9425,  1.0472,  0.3491,  1.0996,  1.7279, -1.0472, -0.2327,  1.0647,  0.5383]
[output] 0.13515522378639824
[input_vals] [-0.9425,  1.0472,  0.3491,  1.0996,  1.7279, -1.0472, -0.2327,  1.0647,  0.6164]
[output] 0.17205931222775214
[input_vals] [-0.9425,  1.0472,  0.3491,  1.0996,  1.7279, -1.0472, -0.2327,  1.0647,  0.5921]
[output] 0.14107330775248533
[input_vals] [-0.9425,  1.0472,  0.3491,  1.0996,  1.7279, -1.0472, -0.2327,  1.0647,  0.6263]
[output] 0.19053888385314482
[input_vals] [-0.9425,  1.0472,  0.3491,  1.0996,  1.7279, -1.0472, -0.2327,  1.0647,  0.5914]
[output] 0.1404318141447145
[input_vals] [-0.9425,  1.0472,  0.3491,  1.0996,  1.7279, -1.0472, -0.2327,  1.0647,  0.5575]
[output] 0.12968232644116412
[input_vals] [-0.9425,  1.0472,  0.3491,  1.0996,  1.7279, -1.0472, -0.2327,  1.0647,  0.6267]
[output] 0.19129981930920245
[input_vals] [-0.9425,  1.0472,  0.3491,  1.0996,  1.7279, -1.0472, -0.2327,  1.0647,  0.5768]
[output] 0.13177286879455233
[input_vals] [-0.9425,  1.0472,  0.3491,  1.0996,  1.7279, -1.0472, -0.2327,  1.0647,  0.5433]
[output] 0.13318852678963908
[input_vals] [-0.9425,  1.0472,  0.3491,  1.0996,  1.7279, -1.0472, -0.2327,  1.0647,  0.5941]
[output] 0.14286208052070473
[input_vals] [-0.9425,  1.0472,  0.3491,  1.0996,  1.7279, -1.0472, -0.2327,  1.0647,  0.612 ]
[output] 0.1649837190523517
[input_vals] [-0.9425,  1.0472,  0.3491,  1.0996,  1.7279, -1.0472, -0.2327,  1.0647,  0.6225]
[output] 0.1831684558489207
[input_vals] [-0.9425,  1.0472,  0.3491,  1.0996,  1.7279, -1.0472, -0.2327,  1.0647,  0.5669]
[output] 0.12951868534793887
[input_vals] [-0.9425,  1.0472,  0.3491,  1.0996,  1.7279, -1.0472, -0.2327,  1.0647,  0.6263]
[output] 0.1906435301955229
[input_vals] [-0.9425,  1.0472,  0.3491,  1.0996,  1.7279, -1.0472, -0.2327,  1.0647,  0.5418]
[output] 0.13374010460183458
[input_vals] [-0.9425,  1.0472,  0.3491,  1.0996,  1.7279, -1.0472, -0.2327,  1.0647,  0.6085]
[output] 0.15983758783274754
[input_vals] [-0.9425,  1.0472,  0.3491,  1.0996,  1.7279, -1.0472, -0.2327,  1.0647,  0.6053]
[output] 0.15535846971568287
[input_vals] [-0.9425,  1.0472,  0.3491,  1.0996,  1.7279, -1.0472, -0.2327,  1.0647,  0.6036]
[output] 0.1532596870880498
[input_vals] [-0.9425,  1.0472,  0.3491,  1.0996,  1.7279, -1.0472, -0.2327,  1.0647,  0.5356]
[output] 0.1362918729960926
[input_vals] [-0.9425,  1.0472,  0.3491,  1.0996,  1.7279, -1.0472, -0.2327,  1.0647,  0.6123]
[output] 0.1654828172649103
[input_vals] [-0.9425,  1.0472,  0.3491,  1.0996,  1.7279, -1.0472, -0.2327,  1.0647,  0.5479]
[output] 0.13171793034510265
[input_vals] [-0.9425,  1.0472,  0.3491,  1.0996,  1.7279, -1.0472, -0.2327,  1.0647,  0.5781]
[output] 0.13226882255814465
[input_vals] [-0.9425,  1.0472,  0.3491,  1.0996,  1.7279, -1.0472, -0.2327,  1.0647,  0.5448]
[output] 0.13269377368228916
[input_vals] [-0.9425,  1.0472,  0.3491,  1.0996,  1.7279, -1.0472, -0.2327,  1.0647,  0.5605]
[output] 0.12941665983618397
[input_vals] [-0.9425,  1.0472,  0.3491,  1.0996,  1.7279, -1.0472, -0.2327,  1.0647,  0.6141]
[output] 0.16825869483123232
[input_vals] [-0.9425,  1.0472,  0.3491,  1.0996,  1.7279, -1.0472, -0.2327,  1.0647,  0.5885]
[output] 0.138202636317433
[input_vals] [-0.9425,  1.0472,  0.3491,  1.0996,  1.7279, -1.0472, -0.2327,  1.0647,  0.593 ]
[output] 0.14181939355124762
[input_vals] [-0.9425,  1.0472,  0.3491,  1.0996,  1.7279, -1.0472, -0.2327,  1.0647,  0.6045]
[output] 0.15435827980881098
