[input_vals] [-1.0421,  1.145 ,  0.3126,  1.014 ,  1.7279, -1.0472, -0.2327,  1.0647,  0.5833]
[output] 0.13951469245659584
[input_vals] [-0.8851,  1.1101,  0.3977,  1.1993,  1.7279, -1.0472, -0.2327,  1.0647,  0.5833]
[output] 0.18815146796819449
[input_vals] [-0.9651,  1.0436,  0.2851,  1.0705,  1.7279, -1.0472, -0.2327,  1.0647,  0.5833]
[output] 0.13372779441919638
[input_vals] [-0.9114,  0.9972,  0.3879,  1.0211,  1.7279, -1.0472, -0.2327,  1.0647,  0.5833]
[output] 0.134142850177637
[input_vals] [-0.9374,  1.0802,  0.4429,  1.0272,  1.7279, -1.0472, -0.2327,  1.0647,  0.5833]
[output] 0.13514315305615304
[input_vals] [-0.896 ,  0.9757,  0.3056,  1.064 ,  1.7279, -1.0472, -0.2327,  1.0647,  0.5833]
[output] 0.13333826677451505
[input_vals] [-0.9791,  0.9618,  0.2852,  1.1038,  1.7279, -1.0472, -0.2327,  1.0647,  0.5833]
[output] 0.1383563951125728
[input_vals] [-0.8558,  1.079 ,  0.3816,  1.0203,  1.7279, -1.0472, -0.2327,  1.0647,  0.5833]
[output] 0.16531490025220205
[input_vals] [-1.0377,  0.9753,  0.2799,  1.0748,  1.7279, -1.0472, -0.2327,  1.0647,  0.5833]
[output] 0.15323844472726397
[input_vals] [-0.8653,  1.0838,  0.3649,  1.0043,  1.7279, -1.0472, -0.2327,  1.0647,  0.5833]
[output] 0.16434770631312812
[input_vals] [-1.0103,  1.0747,  0.3592,  1.0196,  1.7279, -1.0472, -0.2327,  1.0647,  0.5833]
[output] 0.13627796133272094
[input_vals] [-0.8713,  0.9852,  0.2845,  1.1648,  1.7279, -1.0472, -0.2327,  1.0647,  0.5833]
[output] 0.15654320792996432
[input_vals] [-1.0195,  0.9807,  0.3395,  1.1321,  1.7279, -1.0472, -0.2327,  1.0647,  0.5833]
[output] 0.15210769765901105
[input_vals] [-0.9447,  1.1393,  0.3226,  1.1525,  1.7279, -1.0472, -0.2327,  1.0647,  0.5833]
[output] 0.1733103844518819
[input_vals] [-0.9942,  0.9847,  0.3061,  1.1436,  1.7279, -1.0472, -0.2327,  1.0647,  0.5833]
[output] 0.1375446440616893
[input_vals] [-0.9133,  1.0163,  0.3385,  1.0423,  1.7279, -1.0472, -0.2327,  1.0647,  0.5833]
[output] 0.1338613739644098
[input_vals] [-1.0034,  1.0158,  0.349 ,  1.1694,  1.7279, -1.0472, -0.2327,  1.0647,  0.5833]
[output] 0.13752187177985087
[input_vals] [-0.9079,  1.0125,  0.3257,  1.1821,  1.7279, -1.0472, -0.2327,  1.0647,  0.5833]
[output] 0.14521462051976605
[input_vals] [-1.0294,  0.9901,  0.3915,  1.0756,  1.7279, -1.0472, -0.2327,  1.0647,  0.5833]
[output] 0.16699561996968015
[input_vals] [-0.8625,  1.0902,  0.376 ,  1.0522,  1.7279, -1.0472, -0.2327,  1.0647,  0.5833]
[output] 0.1721839377276404
[input_vals] [-0.8971,  1.0134,  0.3484,  1.0267,  1.7279, -1.0472, -0.2327,  1.0647,  0.5833]
[output] 0.13484099370887462
[input_vals] [-0.9066,  0.963 ,  0.2921,  1.0789,  1.7279, -1.0472, -0.2327,  1.0647,  0.5833]
[output] 0.13210577185000866
[input_vals] [-0.9893,  0.9755,  0.3332,  1.0033,  1.7279, -1.0472, -0.2327,  1.0647,  0.5833]
[output] 0.15120454986140222
[input_vals] [-0.8571,  1.0132,  0.3128,  1.0478,  1.7279, -1.0472, -0.2327,  1.0647,  0.5833]
[output] 0.1520718451519484
[input_vals] [-0.8906,  1.0943,  0.3625,  1.0529,  1.7279, -1.0472, -0.2327,  1.0647,  0.5833]
[output] 0.16189783392277088
[input_vals] [-0.8473,  1.0764,  0.43  ,  1.1753,  1.7279, -1.0472, -0.2327,  1.0647,  0.5833]
[output] 0.18553713408432082
[input_vals] [-0.8891,  1.0482,  0.3846,  1.0976,  1.7279, -1.0472, -0.2327,  1.0647,  0.5833]
[output] 0.1458325541577385
[input_vals] [-0.9739,  0.9797,  0.3289,  1.1107,  1.7279, -1.0472, -0.2327,  1.0647,  0.5833]
[output] 0.13836175686402014
[input_vals] [-0.9948,  1.0657,  0.3935,  1.173 ,  1.7279, -1.0472, -0.2327,  1.0647,  0.5833]
[output] 0.13400317644131673
[input_vals] [-0.9168,  1.0874,  0.3353,  1.0814,  1.7279, -1.0472, -0.2327,  1.0647,  0.5833]
[output] 0.15429858897088863
[input_vals] [-0.8678,  1.1471,  0.2853,  1.0787,  1.7279, -1.0472, -0.2327,  1.0647,  0.5833]
[output] 0.2285915521626969
[input_vals] [-0.8734,  1.0614,  0.4173,  1.0892,  1.7279, -1.0472, -0.2327,  1.0647,  0.5833]
[output] 0.15109050404713295
[input_vals] [-0.8792,  0.9686,  0.2939,  1.134 ,  1.7279, -1.0472, -0.2327,  1.0647,  0.5833]
[output] 0.1420033184917123
[input_vals] [-0.9448,  1.0342,  0.3072,  1.1913,  1.7279, -1.0472, -0.2327,  1.0647,  0.5833]
[output] 0.1406859907776815
[input_vals] [-0.8529,  1.1128,  0.3337,  1.0595,  1.7279, -1.0472, -0.2327,  1.0647,  0.5833]
[output] 0.2021426144055751
[input_vals] [-1.0077,  1.0148,  0.3362,  1.1823,  1.7279, -1.0472, -0.2327,  1.0647,  0.5833]
[output] 0.1367052339051456
[input_vals] [-1.0239,  1.0814,  0.3119,  1.1499,  1.7279, -1.0472, -0.2327,  1.0647,  0.5833]
[output] 0.13178268766815066
[input_vals] [-0.9207,  0.9913,  0.2634,  1.1469,  1.7279, -1.0472, -0.2327,  1.0647,  0.5833]
[output] 0.13839404292603744
[input_vals] [-0.8652,  0.9751,  0.2829,  1.0395,  1.7279, -1.0472, -0.2327,  1.0647,  0.5833]
[output] 0.1400376761326801
[input_vals] [-0.8689,  1.0933,  0.3275,  1.1679,  1.7279, -1.0472, -0.2327,  1.0647,  0.5833]
[output] 0.2015668229737866
[input_vals] [-0.9335,  1.0725,  0.3735,  1.0691,  1.7279, -1.0472, -0.2327,  1.0647,  0.5833]
[output] 0.1383287653031262
[input_vals] [-0.8846,  0.9817,  0.2547,  1.0216,  1.7279, -1.0472, -0.2327,  1.0647,  0.5833]
[output] 0.1379450211703966
[input_vals] [-0.9578,  0.9784,  0.3083,  1.0825,  1.7279, -1.0472, -0.2327,  1.0647,  0.5833]
[output] 0.13447685513416524
[input_vals] [-0.9471,  1.0566,  0.3425,  1.0763,  1.7279, -1.0472, -0.2327,  1.0647,  0.5833]
[output] 0.13516277606288074
[input_vals] [-0.8611,  0.9499,  0.3836,  1.175 ,  1.7279, -1.0472, -0.2327,  1.0647,  0.5833]
[output] 0.1429651669036266
[input_vals] [-1.0177,  1.1397,  0.4099,  1.1556,  1.7279, -1.0472, -0.2327,  1.0647,  0.5833]
[output] 0.13500844225714728
[input_vals] [-0.9023,  0.9907,  0.3629,  1.1125,  1.7279, -1.0472, -0.2327,  1.0647,  0.5833]
[output] 0.13446740743266417
[input_vals] [-0.9011,  1.1177,  0.3073,  1.1413,  1.7279, -1.0472, -0.2327,  1.0647,  0.5833]
[output] 0.19178731806856694
[input_vals] [-0.8869,  1.0653,  0.3891,  1.0561,  1.7279, -1.0472, -0.2327,  1.0647,  0.5833]
[output] 0.14782055133118582
[input_vals] [-0.9699,  1.1394,  0.3871,  1.098 ,  1.7279, -1.0472, -0.2327,  1.0647,  0.5833]
[output] 0.14588707586424507
[input_vals] [-0.9872,  1.1191,  0.4407,  1.0782,  1.7279, -1.0472, -0.2327,  1.0647,  0.5833]
[output] 0.1349501383856691
[input_vals] [-0.9663,  0.988 ,  0.3514,  1.0762,  1.7279, -1.0472, -0.2327,  1.0647,  0.5833]
[output] 0.13919429509111583
[input_vals] [-1.0252,  1.1066,  0.3042,  1.166 ,  1.7279, -1.0472, -0.2327,  1.0647,  0.5833]
[output] 0.13451496116499667
[input_vals] [-0.8559,  1.1039,  0.4227,  1.038 ,  1.7279, -1.0472, -0.2327,  1.0647,  0.5833]
[output] 0.1710658560537012
[input_vals] [-0.9679,  1.1229,  0.4218,  1.0822,  1.7279, -1.0472, -0.2327,  1.0647,  0.5833]
[output] 0.13825322026623751
[input_vals] [-0.97  ,  1.0696,  0.3702,  1.0424,  1.7279, -1.0472, -0.2327,  1.0647,  0.5833]
[output] 0.13367271426306146
[input_vals] [-0.8698,  1.0677,  0.4021,  1.0808,  1.7279, -1.0472, -0.2327,  1.0647,  0.5833]
[output] 0.15660123878212467
[input_vals] [-0.8952,  1.0685,  0.2624,  1.0756,  1.7279, -1.0472, -0.2327,  1.0647,  0.5833]
[output] 0.1701156493375881
[input_vals] [-0.8895,  1.079 ,  0.4298,  1.1768,  1.7279, -1.0472, -0.2327,  1.0647,  0.5833]
[output] 0.16008867104655458
[input_vals] [-1.0287,  1.0568,  0.2515,  1.0832,  1.7279, -1.0472, -0.2327,  1.0647,  0.5833]
[output] 0.13231980398718404
[input_vals] [-0.8539,  1.0903,  0.2554,  1.0431,  1.7279, -1.0472, -0.2327,  1.0647,  0.5833]
[output] 0.20499340798886884
[input_vals] [-0.8832,  0.9544,  0.356 ,  1.0999,  1.7279, -1.0472, -0.2327,  1.0647,  0.5833]
[output] 0.13418818757054338
[input_vals] [-0.9678,  1.0111,  0.4286,  1.1785,  1.7279, -1.0472, -0.2327,  1.0647,  0.5833]
[output] 0.14188048992152102
[input_vals] [-0.9888,  1.0513,  0.3271,  1.0859,  1.7279, -1.0472, -0.2327,  1.0647,  0.5833]
[output] 0.13234628572719434
[input_vals] [-0.9981,  0.9773,  0.3322,  1.1046,  1.7279, -1.0472, -0.2327,  1.0647,  0.5833]
[output] 0.14640138915679726
[input_vals] [-0.8476,  1.0372,  0.4146,  1.1045,  1.7279, -1.0472, -0.2327,  1.0647,  0.5833]
[output] 0.15674246496488073
[input_vals] [-0.8985,  0.9591,  0.3143,  1.1872,  1.7279, -1.0472, -0.2327,  1.0647,  0.5833]
[output] 0.13889893223020974
[input_vals] [-1.0352,  1.0755,  0.2883,  1.1268,  1.7279, -1.0472, -0.2327,  1.0647,  0.5833]
[output] 0.13171617072207553
[input_vals] [-1.0325,  1.0072,  0.3264,  1.1548,  1.7279, -1.0472, -0.2327,  1.0647,  0.5833]
[output] 0.14419143145386323
[input_vals] [-0.9072,  1.0154,  0.3744,  1.1682,  1.7279, -1.0472, -0.2327,  1.0647,  0.5833]
[output] 0.14014700718586282
[input_vals] [-0.9562,  1.0945,  0.4068,  1.0871,  1.7279, -1.0472, -0.2327,  1.0647,  0.5833]
[output] 0.13633680121281588
[input_vals] [-0.9864,  1.0139,  0.3101,  1.1916,  1.7279, -1.0472, -0.2327,  1.0647,  0.5833]
[output] 0.13242434634412809
[input_vals] [-0.9339,  1.1438,  0.2716,  1.1111,  1.7279, -1.0472, -0.2327,  1.0647,  0.5833]
[output] 0.18895367518366576
[input_vals] [-1.0109,  1.0871,  0.4126,  1.1272,  1.7279, -1.0472, -0.2327,  1.0647,  0.5833]
[output] 0.13499249394931104
[input_vals] [-0.9166,  1.0503,  0.2614,  1.1854,  1.7279, -1.0472, -0.2327,  1.0647,  0.5833]
[output] 0.1656258731782396
[input_vals] [-0.9842,  1.093 ,  0.2993,  1.1964,  1.7279, -1.0472, -0.2327,  1.0647,  0.5833]
[output] 0.144238470138507
[input_vals] [-1.0008,  1.1373,  0.2975,  1.1456,  1.7279, -1.0472, -0.2327,  1.0647,  0.5833]
[output] 0.14934930755625847
[input_vals] [-0.9802,  1.0085,  0.257 ,  1.0223,  1.7279, -1.0472, -0.2327,  1.0647,  0.5833]
[output] 0.1332636802494595
[input_vals] [-0.8841,  1.0689,  0.3976,  1.1098,  1.7279, -1.0472, -0.2327,  1.0647,  0.5833]
[output] 0.15456344656934723
[input_vals] [-1.0152,  0.9883,  0.2614,  1.0883,  1.7279, -1.0472, -0.2327,  1.0647,  0.5833]
[output] 0.1389226238727799
[input_vals] [-0.9292,  1.1215,  0.345 ,  1.1417,  1.7279, -1.0472, -0.2327,  1.0647,  0.5833]
[output] 0.16747653075089441
[input_vals] [-0.9257,  1.111 ,  0.2839,  1.1356,  1.7279, -1.0472, -0.2327,  1.0647,  0.5833]
[output] 0.17693019620809353
[input_vals] [-1.0264,  1.1442,  0.3509,  1.0586,  1.7279, -1.0472, -0.2327,  1.0647,  0.5833]
[output] 0.1375597356333873
[input_vals] [-0.8722,  1.0228,  0.3067,  1.0564,  1.7279, -1.0472, -0.2327,  1.0647,  0.5833]
[output] 0.15101814627114796
[input_vals] [-0.9198,  1.0292,  0.4279,  1.1583,  1.7279, -1.0472, -0.2327,  1.0647,  0.5833]
[output] 0.13693961544483907
[input_vals] [-1.033 ,  1.0494,  0.2676,  1.159 ,  1.7279, -1.0472, -0.2327,  1.0647,  0.5833]
[output] 0.13108138179232645
[input_vals] [-0.8431,  1.0169,  0.2696,  1.1771,  1.7279, -1.0472, -0.2327,  1.0647,  0.5833]
[output] 0.19608295768618755
[input_vals] [-0.9962,  0.998 ,  0.2637,  1.1486,  1.7279, -1.0472, -0.2327,  1.0647,  0.5833]
[output] 0.13182314703948075
[input_vals] [-1.0145,  1.088 ,  0.3851,  1.1791,  1.7279, -1.0472, -0.2327,  1.0647,  0.5833]
[output] 0.13327962508803237
[input_vals] [-0.9676,  1.1335,  0.4185,  1.1311,  1.7279, -1.0472, -0.2327,  1.0647,  0.5833]
[output] 0.1427351059576776
[input_vals] [-1.0256,  1.088 ,  0.4258,  1.183 ,  1.7279, -1.0472, -0.2327,  1.0647,  0.5833]
[output] 0.1372068052176754
[input_vals] [-0.8713,  0.9571,  0.3277,  1.0988,  1.7279, -1.0472, -0.2327,  1.0647,  0.5833]
[output] 0.13611746877408698
[input_vals] [-0.8453,  0.9926,  0.2986,  1.0234,  1.7279, -1.0472, -0.2327,  1.0647,  0.5833]
[output] 0.14899315679708
[input_vals] [-1.0139,  1.0819,  0.4141,  1.0966,  1.7279, -1.0472, -0.2327,  1.0647,  0.5833]
[output] 0.1369400816953889
[input_vals] [-0.911 ,  1.0714,  0.4118,  1.1422,  1.7279, -1.0472, -0.2327,  1.0647,  0.5833]
[output] 0.14579403697713858
[input_vals] [-0.9358,  1.1028,  0.331 ,  1.1362,  1.7279, -1.0472, -0.2327,  1.0647,  0.5833]
[output] 0.1578769331960247
[input_vals] [-0.8968,  1.1301,  0.4489,  1.1329,  1.7279, -1.0472, -0.2327,  1.0647,  0.5833]
[output] 0.1674594629461057
[input_vals] [-0.9374,  1.0857,  0.339 ,  1.1395,  1.7279, -1.0472, -0.2327,  1.0647,  0.5833]
[output] 0.14949904987319898
[input_vals] [-0.9093,  1.016 ,  0.2751,  1.1192,  1.7279, -1.0472, -0.2327,  1.0647,  0.5833]
[output] 0.14479721150230324
[input_vals] [-0.9931,  1.0522,  0.3394,  1.0121,  1.7279, -1.0472, -0.2327,  1.0647,  0.5833]
[output] 0.1355149192321171
[input_vals] [-0.943 ,  0.9602,  0.3822,  1.0329,  1.7279, -1.0472, -0.2327,  1.0647,  0.5833]
[output] 0.14718930229036886
[input_vals] [-0.9142,  1.0377,  0.2661,  1.0839,  1.7279, -1.0472, -0.2327,  1.0647,  0.5833]
[output] 0.1480437937137562
[input_vals] [-0.9325,  1.0281,  0.419 ,  1.0957,  1.7279, -1.0472, -0.2327,  1.0647,  0.5833]
[output] 0.13437623987085864
[input_vals] [-0.9869,  0.9589,  0.2625,  1.0422,  1.7279, -1.0472, -0.2327,  1.0647,  0.5833]
[output] 0.14194272509655242
[input_vals] [-0.9827,  0.9501,  0.2719,  1.1291,  1.7279, -1.0472, -0.2327,  1.0647,  0.5833]
[output] 0.1388885147232655
[input_vals] [-0.8901,  1.1367,  0.3188,  1.0146,  1.7279, -1.0472, -0.2327,  1.0647,  0.5833]
[output] 0.18938200239736974
[input_vals] [-0.8992,  1.1334,  0.2869,  1.1011,  1.7279, -1.0472, -0.2327,  1.0647,  0.5833]
[output] 0.2007651993498398
[input_vals] [-0.9604,  1.0727,  0.2595,  1.1016,  1.7279, -1.0472, -0.2327,  1.0647,  0.5833]
[output] 0.1451402122366304
[input_vals] [-0.9056,  1.0463,  0.2614,  1.0944,  1.7279, -1.0472, -0.2327,  1.0647,  0.5833]
[output] 0.15702323531415097
[input_vals] [-0.8871,  1.0898,  0.3549,  1.0516,  1.7279, -1.0472, -0.2327,  1.0647,  0.5833]
[output] 0.16290271683115576
[input_vals] [-0.922 ,  1.0202,  0.3292,  1.1304,  1.7279, -1.0472, -0.2327,  1.0647,  0.5833]
[output] 0.1371738206221322
[input_vals] [-0.8949,  0.9968,  0.3991,  1.1372,  1.7279, -1.0472, -0.2327,  1.0647,  0.5833]
[output] 0.13679314822297772
[input_vals] [-1.0217,  0.9788,  0.2853,  1.0862,  1.7279, -1.0472, -0.2327,  1.0647,  0.5833]
[output] 0.14680973206528306
[input_vals] [-0.8537,  1.101 ,  0.3622,  1.0276,  1.7279, -1.0472, -0.2327,  1.0647,  0.5833]
[output] 0.18294542759533303
[input_vals] [-1.0266,  0.957 ,  0.3391,  1.0445,  1.7279, -1.0472, -0.2327,  1.0647,  0.5833]
[output] 0.17050234455742913
[input_vals] [-0.8468,  1.0406,  0.3813,  1.1748,  1.7279, -1.0472, -0.2327,  1.0647,  0.5833]
[output] 0.1788086670953
[input_vals] [-0.9274,  1.0667,  0.2609,  1.119 ,  1.7279, -1.0472, -0.2327,  1.0647,  0.5833]
[output] 0.15790885798035328
[input_vals] [-0.9245,  0.9933,  0.3283,  1.1495,  1.7279, -1.0472, -0.2327,  1.0647,  0.5833]
[output] 0.1343347262296641
[input_vals] [-1.0259,  1.0491,  0.4399,  1.0647,  1.7279, -1.0472, -0.2327,  1.0647,  0.5833]
[output] 0.15339550774494945
[input_vals] [-0.9161,  1.0436,  0.3125,  1.168 ,  1.7279, -1.0472, -0.2327,  1.0647,  0.5833]
[output] 0.15135638015024422
[input_vals] [-0.9121,  1.0616,  0.2825,  1.1223,  1.7279, -1.0472, -0.2327,  1.0647,  0.5833]
[output] 0.15977057335213887
[input_vals] [-0.931 ,  1.0287,  0.2815,  1.1316,  1.7279, -1.0472, -0.2327,  1.0647,  0.5833]
[output] 0.1411947777124073
[input_vals] [-0.8849,  1.0436,  0.3514,  1.1491,  1.7279, -1.0472, -0.2327,  1.0647,  0.5833]
[output] 0.15760244316891206
[input_vals] [-1.0148,  1.1033,  0.2569,  1.1136,  1.7279, -1.0472, -0.2327,  1.0647,  0.5833]
[output] 0.13890197381942596
[input_vals] [-0.8541,  1.1409,  0.3475,  1.0973,  1.7279, -1.0472, -0.2327,  1.0647,  0.5833]
[output] 0.2217826896063212
[input_vals] [-0.9552,  0.9877,  0.3215,  1.1441,  1.7279, -1.0472, -0.2327,  1.0647,  0.5833]
[output] 0.132973784870046
[input_vals] [-0.9453,  1.0672,  0.3297,  1.1809,  1.7279, -1.0472, -0.2327,  1.0647,  0.5833]
[output] 0.14575639633861728
[input_vals] [-0.9345,  0.9969,  0.401 ,  1.1049,  1.7279, -1.0472, -0.2327,  1.0647,  0.5833]
[output] 0.13626307844007088
[input_vals] [-1.0073,  1.0187,  0.4065,  1.1234,  1.7279, -1.0472, -0.2327,  1.0647,  0.5833]
[output] 0.14841891766658527
[input_vals] [-0.9008,  1.1106,  0.2848,  1.1115,  1.7279, -1.0472, -0.2327,  1.0647,  0.5833]
[output] 0.18877073840561093
[input_vals] [-0.9902,  1.1294,  0.3639,  1.1037,  1.7279, -1.0472, -0.2327,  1.0647,  0.5833]
[output] 0.1401401395034265
[input_vals] [-0.8794,  1.0357,  0.4231,  1.1187,  1.7279, -1.0472, -0.2327,  1.0647,  0.5833]
[output] 0.14365801581127893
[input_vals] [-0.9212,  1.1037,  0.2655,  1.1093,  1.7279, -1.0472, -0.2327,  1.0647,  0.5833]
[output] 0.17656359344487232
[input_vals] [-1.0145,  1.0528,  0.3226,  1.0434,  1.7279, -1.0472, -0.2327,  1.0647,  0.5833]
[output] 0.13571107444393543
[input_vals] [-0.9158,  0.9908,  0.3415,  1.1815,  1.7279, -1.0472, -0.2327,  1.0647,  0.5833]
[output] 0.13738825798736135
[input_vals] [-0.9583,  1.0905,  0.3718,  1.0432,  1.7279, -1.0472, -0.2327,  1.0647,  0.5833]
[output] 0.13675884912481984
[input_vals] [-0.8742,  1.1357,  0.3768,  1.1051,  1.7279, -1.0472, -0.2327,  1.0647,  0.5833]
[output] 0.19726263610986994
[input_vals] [-0.9445,  0.9805,  0.3528,  1.1781,  1.7279, -1.0472, -0.2327,  1.0647,  0.5833]
[output] 0.1352483181124696
[input_vals] [-0.9112,  1.1192,  0.4252,  1.0733,  1.7279, -1.0472, -0.2327,  1.0647,  0.5833]
[output] 0.1536988683947657
[input_vals] [-0.9664,  1.0319,  0.39  ,  1.1587,  1.7279, -1.0472, -0.2327,  1.0647,  0.5833]
[output] 0.13451903940641974
[input_vals] [-1.0101,  1.1423,  0.3998,  1.0496,  1.7279, -1.0472, -0.2327,  1.0647,  0.5833]
[output] 0.136821312579743
[input_vals] [-0.902 ,  0.9996,  0.2939,  1.1945,  1.7279, -1.0472, -0.2327,  1.0647,  0.5833]
[output] 0.14973500752274707
[input_vals] [-0.9888,  1.092 ,  0.2574,  1.1091,  1.7279, -1.0472, -0.2327,  1.0647,  0.5833]
[output] 0.14261557863769206
[input_vals] [-0.8863,  1.0262,  0.2606,  1.1283,  1.7279, -1.0472, -0.2327,  1.0647,  0.5833]
[output] 0.16324644933869878
[input_vals] [-0.8586,  0.9636,  0.2603,  1.1625,  1.7279, -1.0472, -0.2327,  1.0647,  0.5833]
[output] 0.15910310661351978
[input_vals] [-1.0265,  1.0363,  0.3867,  1.1931,  1.7279, -1.0472, -0.2327,  1.0647,  0.5833]
[output] 0.1428060386878838
[input_vals] [-0.8429,  1.0749,  0.325 ,  1.0907,  1.7279, -1.0472, -0.2327,  1.0647,  0.5833]
[output] 0.19494391483290038
[input_vals] [-0.9455,  1.0471,  0.3129,  1.126 ,  1.7279, -1.0472, -0.2327,  1.0647,  0.5833]
[output] 0.137871841787508
[input_vals] [-0.8959,  1.0378,  0.3898,  1.132 ,  1.7279, -1.0472, -0.2327,  1.0647,  0.5833]
[output] 0.14338291008586693
[input_vals] [-0.9599,  1.0072,  0.2791,  1.0341,  1.7279, -1.0472, -0.2327,  1.0647,  0.5833]
[output] 0.13225668124365345
[input_vals] [-0.9419,  1.0865,  0.3687,  1.0085,  1.7279, -1.0472, -0.2327,  1.0647,  0.5833]
[output] 0.13871036317426172
[input_vals] [-1.029 ,  1.1106,  0.3752,  1.1601,  1.7279, -1.0472, -0.2327,  1.0647,  0.5833]
[output] 0.13278926327447216
[input_vals] [-0.8584,  1.116 ,  0.2882,  1.1964,  1.7279, -1.0472, -0.2327,  1.0647,  0.5833]
[output] 0.24173658028490516
[input_vals] [-0.9315,  1.0137,  0.3762,  1.1375,  1.7279, -1.0472, -0.2327,  1.0647,  0.5833]
[output] 0.1340392640190127
[input_vals] [-0.9673,  1.0131,  0.3442,  1.0015,  1.7279, -1.0472, -0.2327,  1.0647,  0.5833]
[output] 0.1374230085410454
[input_vals] [-0.8849,  1.113 ,  0.3123,  1.0193,  1.7279, -1.0472, -0.2327,  1.0647,  0.5833]
[output] 0.1813081705325618
[input_vals] [-0.9044,  1.1432,  0.2631,  1.1669,  1.7279, -1.0472, -0.2327,  1.0647,  0.5833]
[output] 0.22041592346698513
[input_vals] [-0.8854,  1.0558,  0.2786,  1.0482,  1.7279, -1.0472, -0.2327,  1.0647,  0.5833]
[output] 0.16263608549090194
[input_vals] [-1.0202,  0.9875,  0.26  ,  1.1719,  1.7279, -1.0472, -0.2327,  1.0647,  0.5833]
[output] 0.13577472233968896
[input_vals] [-1.0063,  1.0376,  0.3536,  1.0226,  1.7279, -1.0472, -0.2327,  1.0647,  0.5833]
[output] 0.14057627433654443
[input_vals] [-0.8662,  0.9679,  0.2996,  1.1689,  1.7279, -1.0472, -0.2327,  1.0647,  0.5833]
[output] 0.15161540652584565
[input_vals] [-0.9667,  1.0931,  0.2966,  1.1785,  1.7279, -1.0472, -0.2327,  1.0647,  0.5833]
[output] 0.15004736062206497
[input_vals] [-0.9893,  0.9625,  0.2787,  1.1832,  1.7279, -1.0472, -0.2327,  1.0647,  0.5833]
[output] 0.13627243493141059
[input_vals] [-0.9114,  1.1324,  0.342 ,  1.1523,  1.7279, -1.0472, -0.2327,  1.0647,  0.5833]
[output] 0.18613662453134885
[input_vals] [-0.9131,  1.1111,  0.3116,  1.0322,  1.7279, -1.0472, -0.2327,  1.0647,  0.5833]
[output] 0.16662447833826943
[input_vals] [-0.8881,  1.0711,  0.2811,  1.1877,  1.7279, -1.0472, -0.2327,  1.0647,  0.5833]
[output] 0.19080432553375126
[input_vals] [-0.8961,  1.0857,  0.3462,  1.0101,  1.7279, -1.0472, -0.2327,  1.0647,  0.5833]
[output] 0.15500326055393682
[input_vals] [-0.9452,  1.0291,  0.3458,  1.1379,  1.7279, -1.0472, -0.2327,  1.0647,  0.5833]
[output] 0.13384141504966837
[input_vals] [-0.876 ,  1.1192,  0.4145,  1.1504,  1.7279, -1.0472, -0.2327,  1.0647,  0.5833]
[output] 0.18553032414715634
[input_vals] [-0.9632,  0.9732,  0.3293,  1.1266,  1.7279, -1.0472, -0.2327,  1.0647,  0.5833]
[output] 0.13691016049288338
[input_vals] [-1.0097,  1.0667,  0.3015,  1.1015,  1.7279, -1.0472, -0.2327,  1.0647,  0.5833]
[output] 0.13208151829770556
[input_vals] [-0.9929,  1.0498,  0.4059,  1.0446,  1.7279, -1.0472, -0.2327,  1.0647,  0.5833]
[output] 0.13985787632918417
[input_vals] [-0.9067,  1.023 ,  0.442 ,  1.0424,  1.7279, -1.0472, -0.2327,  1.0647,  0.5833]
[output] 0.134625553364648
[input_vals] [-0.9787,  1.0347,  0.3875,  1.1706,  1.7279, -1.0472, -0.2327,  1.0647,  0.5833]
[output] 0.13503530785814152
[input_vals] [-0.8863,  1.0511,  0.3768,  1.184 ,  1.7279, -1.0472, -0.2327,  1.0647,  0.5833]
[output] 0.1612116513539993
[input_vals] [-0.9172,  1.0336,  0.4131,  1.0307,  1.7279, -1.0472, -0.2327,  1.0647,  0.5833]
[output] 0.13382646019058345
[input_vals] [-0.9861,  1.1   ,  0.2694,  1.1139,  1.7279, -1.0472, -0.2327,  1.0647,  0.5833]
[output] 0.14454313075943517
[input_vals] [-0.8897,  0.9894,  0.3329,  1.0097,  1.7279, -1.0472, -0.2327,  1.0647,  0.5833]
[output] 0.13323424493038116
[input_vals] [-1.0124,  1.0017,  0.2916,  1.0722,  1.7279, -1.0472, -0.2327,  1.0647,  0.5833]
[output] 0.139816327593579
[input_vals] [-0.9815,  1.0071,  0.3966,  1.154 ,  1.7279, -1.0472, -0.2327,  1.0647,  0.5833]
[output] 0.14159066917145613
[input_vals] [-1.0421,  1.1197,  0.3822,  1.1354,  1.7279, -1.0472, -0.2327,  1.0647,  0.5833]
[output] 0.1333269815598271
[input_vals] [-0.9646,  1.1264,  0.3344,  1.0237,  1.7279, -1.0472, -0.2327,  1.0647,  0.5833]
[output] 0.1480150311179937
[input_vals] [-0.978 ,  1.1038,  0.3293,  1.1074,  1.7279, -1.0472, -0.2327,  1.0647,  0.5833]
[output] 0.1404324325055255
[input_vals] [-0.8867,  1.0282,  0.4382,  1.129 ,  1.7279, -1.0472, -0.2327,  1.0647,  0.5833]
[output] 0.14003399216902684
[input_vals] [-1.0312,  1.0624,  0.3744,  1.1557,  1.7279, -1.0472, -0.2327,  1.0647,  0.5833]
[output] 0.1373351626155599
[input_vals] [-0.92  ,  1.0345,  0.3932,  1.1039,  1.7279, -1.0472, -0.2327,  1.0647,  0.5833]
[output] 0.13500713682638368
[input_vals] [-1.0102,  0.954 ,  0.3725,  1.1975,  1.7279, -1.0472, -0.2327,  1.0647,  0.5833]
[output] 0.16185854645938005
[input_vals] [-1.0003,  0.959 ,  0.3074,  1.1227,  1.7279, -1.0472, -0.2327,  1.0647,  0.5833]
[output] 0.14742457567920464
[input_vals] [-0.856 ,  1.05  ,  0.3769,  1.0996,  1.7279, -1.0472, -0.2327,  1.0647,  0.5833]
[output] 0.16356722546881167
[input_vals] [-0.8627,  1.0264,  0.3393,  1.1661,  1.7279, -1.0472, -0.2327,  1.0647,  0.5833]
[output] 0.16855119417297412
[input_vals] [-0.8688,  1.1375,  0.3771,  1.1069,  1.7279, -1.0472, -0.2327,  1.0647,  0.5833]
[output] 0.20242919914033772
[input_vals] [-0.8742,  0.9554,  0.3576,  1.1075,  1.7279, -1.0472, -0.2327,  1.0647,  0.5833]
[output] 0.13529357160676286
[input_vals] [-1.032 ,  1.077 ,  0.3266,  1.1329,  1.7279, -1.0472, -0.2327,  1.0647,  0.5833]
[output] 0.13247603184999782
[input_vals] [-0.9119,  1.1233,  0.3504,  1.0391,  1.7279, -1.0472, -0.2327,  1.0647,  0.5833]
[output] 0.16591963534874463
[input_vals] [-0.9861,  0.9562,  0.3417,  1.1508,  1.7279, -1.0472, -0.2327,  1.0647,  0.5833]
[output] 0.14822384754511017
[input_vals] [-0.9271,  1.0504,  0.3388,  1.1069,  1.7279, -1.0472, -0.2327,  1.0647,  0.5833]
[output] 0.13992320229346702
[input_vals] [-0.9954,  0.9807,  0.4482,  1.1595,  1.7279, -1.0472, -0.2327,  1.0647,  0.5833]
[output] 0.16527340873777702
[input_vals] [-0.8855,  1.1284,  0.267 ,  1.0673,  1.7279, -1.0472, -0.2327,  1.0647,  0.5833]
[output] 0.20714558011108697
[input_vals] [-0.9083,  1.0306,  0.269 ,  1.101 ,  1.7279, -1.0472, -0.2327,  1.0647,  0.5833]
[output] 0.14912288270970278
[input_vals] [-0.9961,  1.037 ,  0.3601,  1.1034,  1.7279, -1.0472, -0.2327,  1.0647,  0.5833]
[output] 0.13563211318556367
