[input_vals] [-0.9425,  1.0472,  0.3491,  1.0996,  1.819 , -1.0499, -0.332 ,  1.1063,  0.5833]
[output] 0.16503251152372356
[input_vals] [-0.9425,  1.0472,  0.3491,  1.0996,  1.6882, -1.0235, -0.267 ,  1.0502,  0.5833]
[output] 0.16893947603286696
[input_vals] [-0.9425,  1.0472,  0.3491,  1.0996,  1.6813, -1.0603, -0.1821,  1.1002,  0.5833]
[output] 0.14926285885623708
[input_vals] [-0.9425,  1.0472,  0.3491,  1.0996,  1.6299, -1.117 , -0.1537,  0.9816,  0.5833]
[output] 0.21649510420987977
[input_vals] [-0.9425,  1.0472,  0.3491,  1.0996,  1.6661, -1.0289, -0.2028,  1.0399,  0.5833]
[output] 0.18338673728555982
[input_vals] [-0.9425,  1.0472,  0.3491,  1.0996,  1.7858, -0.9753, -0.3163,  1.1132,  0.5833]
[output] 0.1534659597550082
[input_vals] [-0.9425,  1.0472,  0.3491,  1.0996,  1.7487, -1.011 , -0.3226,  1.0236,  0.5833]
[output] 0.13967453753243886
[input_vals] [-0.9425,  1.0472,  0.3491,  1.0996,  1.8054, -0.9884, -0.2991,  0.974 ,  0.5833]
[output] 0.1229377185047445
[input_vals] [-0.9425,  1.0472,  0.3491,  1.0996,  1.6336, -1.0453, -0.1451,  1.1033,  0.5833]
[output] 0.1831539006414017
[input_vals] [-0.9425,  1.0472,  0.3491,  1.0996,  1.7938, -1.0555, -0.152 ,  1.0229,  0.5833]
[output] 0.13599910332838536
[input_vals] [-0.9425,  1.0472,  0.3491,  1.0996,  1.7557, -1.1143, -0.3103,  1.0688,  0.5833]
[output] 0.1328180436304848
[input_vals] [-0.9425,  1.0472,  0.3491,  1.0996,  1.7478, -1.1276, -0.1525,  1.1409,  0.5833]
[output] 0.16642818526282285
[input_vals] [-0.9425,  1.0472,  0.3491,  1.0996,  1.8125, -1.1084, -0.2991,  1.1282,  0.5833]
[output] 0.1777367339086144
[input_vals] [-0.9425,  1.0472,  0.3491,  1.0996,  1.6323, -1.0509, -0.2705,  1.0901,  0.5833]
[output] 0.20212189340194753
[input_vals] [-0.9425,  1.0472,  0.3491,  1.0996,  1.6472, -1.0238, -0.2747,  1.062 ,  0.5833]
[output] 0.2087229101813098
[input_vals] [-0.9425,  1.0472,  0.3491,  1.0996,  1.7517, -0.9819, -0.1784,  1.1488,  0.5833]
[output] 0.1524736438100385
[input_vals] [-0.9425,  1.0472,  0.3491,  1.0996,  1.6433, -1.1165, -0.2927,  0.9766,  0.5833]
[output] 0.21908831845743085
[input_vals] [-0.9425,  1.0472,  0.3491,  1.0996,  1.7239, -1.0701, -0.2637,  1.1608,  0.5833]
[output] 0.14695007263421653
[input_vals] [-0.9425,  1.0472,  0.3491,  1.0996,  1.7319, -0.9482, -0.1838,  1.0564,  0.5833]
[output] 0.15004727568921009
[input_vals] [-0.9425,  1.0472,  0.3491,  1.0996,  1.6434, -1.1117, -0.291 ,  1.0651,  0.5833]
[output] 0.18343859130779677
[input_vals] [-0.9425,  1.0472,  0.3491,  1.0996,  1.7036, -1.1242, -0.232 ,  0.9937,  0.5833]
[output] 0.15285382453588428
[input_vals] [-0.9425,  1.0472,  0.3491,  1.0996,  1.7133, -0.9623, -0.2737,  0.9799,  0.5833]
[output] 0.19346973225946634
[input_vals] [-0.9425,  1.0472,  0.3491,  1.0996,  1.6408, -1.0835, -0.2629,  0.9706,  0.5833]
[output] 0.23048714141968515
[input_vals] [-0.9425,  1.0472,  0.3491,  1.0996,  1.7042, -1.0048, -0.3074,  1.1061,  0.5833]
[output] 0.159285733556032
[input_vals] [-0.9425,  1.0472,  0.3491,  1.0996,  1.6457, -1.122 , -0.2139,  0.9806,  0.5833]
[output] 0.20377997669723397
[input_vals] [-0.9425,  1.0472,  0.3491,  1.0996,  1.8004, -1.0254, -0.3297,  1.1499,  0.5833]
[output] 0.17137532234017117
[input_vals] [-0.9425,  1.0472,  0.3491,  1.0996,  1.7052, -1.0437, -0.3079,  1.0493,  0.5833]
[output] 0.15471908460386286
[input_vals] [-0.9425,  1.0472,  0.3491,  1.0996,  1.6945, -1.0646, -0.2606,  1.033 ,  0.5833]
[output] 0.1563210816611519
[input_vals] [-0.9425,  1.0472,  0.3491,  1.0996,  1.6731, -1.0906, -0.2641,  1.0557,  0.5833]
[output] 0.16239781807986864
[input_vals] [-0.9425,  1.0472,  0.3491,  1.0996,  1.7964, -1.0815, -0.149 ,  1.0394,  0.5833]
[output] 0.1462198423718131
[input_vals] [-0.9425,  1.0472,  0.3491,  1.0996,  1.7978, -1.1091, -0.2103,  1.0678,  0.5833]
[output] 0.15523934581689072
[input_vals] [-0.9425,  1.0472,  0.3491,  1.0996,  1.7247, -1.012 , -0.1596,  1.0439,  0.5833]
[output] 0.139973292370488
[input_vals] [-0.9425,  1.0472,  0.3491,  1.0996,  1.7802, -1.0286, -0.2641,  0.9744,  0.5833]
[output] 0.12264594379829467
[input_vals] [-0.9425,  1.0472,  0.3491,  1.0996,  1.6863, -0.9632, -0.1523,  1.1525,  0.5833]
[output] 0.1620643588507219
[input_vals] [-0.9425,  1.0472,  0.3491,  1.0996,  1.8227, -1.0434, -0.2403,  1.0527,  0.5833]
[output] 0.15209514770420354
[input_vals] [-0.9425,  1.0472,  0.3491,  1.0996,  1.6508, -0.9745, -0.2177,  1.1069,  0.5833]
[output] 0.20326339449662148
[input_vals] [-0.9425,  1.0472,  0.3491,  1.0996,  1.7336, -0.949 , -0.1828,  1.0823,  0.5833]
[output] 0.14744027399176574
[input_vals] [-0.9425,  1.0472,  0.3491,  1.0996,  1.6798, -1.029 , -0.1985,  0.9959,  0.5833]
[output] 0.1862365295685466
[input_vals] [-0.9425,  1.0472,  0.3491,  1.0996,  1.825 , -1.1067, -0.1929,  1.0221,  0.5833]
[output] 0.15473234492543417
[input_vals] [-0.9425,  1.0472,  0.3491,  1.0996,  1.6692, -1.1156, -0.1441,  1.0461,  0.5833]
[output] 0.16195723354200864
[input_vals] [-0.9425,  1.0472,  0.3491,  1.0996,  1.7245, -0.9509, -0.2969,  1.0842,  0.5833]
[output] 0.16672707779100945
[input_vals] [-0.9425,  1.0472,  0.3491,  1.0996,  1.6701, -1.1415, -0.1907,  1.1187,  0.5833]
[output] 0.1522687208302321
[input_vals] [-0.9425,  1.0472,  0.3491,  1.0996,  1.8041, -1.0298, -0.1574,  1.057 ,  0.5833]
[output] 0.14724697068145862
[input_vals] [-0.9425,  1.0472,  0.3491,  1.0996,  1.6419, -1.1025, -0.2808,  1.1448,  0.5833]
[output] 0.16598646062623637
[input_vals] [-0.9425,  1.0472,  0.3491,  1.0996,  1.7493, -0.9861, -0.1811,  1.0377,  0.5833]
[output] 0.1343323188706157
[input_vals] [-0.9425,  1.0472,  0.3491,  1.0996,  1.7837, -1.1189, -0.1769,  1.072 ,  0.5833]
[output] 0.15560441612541528
[input_vals] [-0.9425,  1.0472,  0.3491,  1.0996,  1.702 , -1.0064, -0.2321,  1.1578,  0.5833]
[output] 0.15126221548494703
[input_vals] [-0.9425,  1.0472,  0.3491,  1.0996,  1.6283, -0.9484, -0.2219,  0.9798,  0.5833]
[output] 0.3086231099410694
[input_vals] [-0.9425,  1.0472,  0.3491,  1.0996,  1.6903, -1.1059, -0.2984,  1.1499,  0.5833]
[output] 0.14532925801021004
[input_vals] [-0.9425,  1.0472,  0.3491,  1.0996,  1.6784, -0.964 , -0.1905,  0.9862,  0.5833]
[output] 0.21946401756775535
[input_vals] [-0.9425,  1.0472,  0.3491,  1.0996,  1.6396, -1.1247, -0.2265,  1.1283,  0.5833]
[output] 0.16282446913689624
[input_vals] [-0.9425,  1.0472,  0.3491,  1.0996,  1.7827, -0.9636, -0.196 ,  1.0106,  0.5833]
[output] 0.12931104675953506
[input_vals] [-0.9425,  1.0472,  0.3491,  1.0996,  1.6528, -1.1072, -0.2182,  0.972 ,  0.5833]
[output] 0.20434362820311955
[input_vals] [-0.9425,  1.0472,  0.3491,  1.0996,  1.7669, -1.1089, -0.2692,  1.1381,  0.5833]
[output] 0.1581648003350182
[input_vals] [-0.9425,  1.0472,  0.3491,  1.0996,  1.6989, -1.1137, -0.2965,  1.0301,  0.5833]
[output] 0.15026420940756918
[input_vals] [-0.9425,  1.0472,  0.3491,  1.0996,  1.7501, -1.0139, -0.2462,  1.0743,  0.5833]
[output] 0.1342076185561687
[input_vals] [-0.9425,  1.0472,  0.3491,  1.0996,  1.7727, -0.9804, -0.2195,  1.0268,  0.5833]
[output] 0.13010355840932308
[input_vals] [-0.9425,  1.0472,  0.3491,  1.0996,  1.6417, -0.9589, -0.3156,  1.0712,  0.5833]
[output] 0.2631322358924138
[input_vals] [-0.9425,  1.0472,  0.3491,  1.0996,  1.7624, -0.9977, -0.1391,  0.9821,  0.5833]
[output] 0.13182962045504518
[input_vals] [-0.9425,  1.0472,  0.3491,  1.0996,  1.7896, -1.0918, -0.286 ,  1.1584,  0.5833]
[output] 0.17525342381309061
[input_vals] [-0.9425,  1.0472,  0.3491,  1.0996,  1.8104, -1.0326, -0.1969,  1.0225,  0.5833]
[output] 0.1362915129514266
[input_vals] [-0.9425,  1.0472,  0.3491,  1.0996,  1.6319, -1.0404, -0.1477,  1.0493,  0.5833]
[output] 0.2060119025476121
[input_vals] [-0.9425,  1.0472,  0.3491,  1.0996,  1.7253, -1.1419, -0.1895,  1.0399,  0.5833]
[output] 0.1428687383630696
[input_vals] [-0.9425,  1.0472,  0.3491,  1.0996,  1.6658, -0.952 , -0.3075,  1.0843,  0.5833]
[output] 0.228753787678051
[input_vals] [-0.9425,  1.0472,  0.3491,  1.0996,  1.7296, -1.1264, -0.246 ,  0.979 ,  0.5833]
[output] 0.14189267379581494
[input_vals] [-0.9425,  1.0472,  0.3491,  1.0996,  1.7807, -1.1234, -0.3008,  1.0124,  0.5833]
[output] 0.12840856220322724
[input_vals] [-0.9425,  1.0472,  0.3491,  1.0996,  1.6552, -1.1001, -0.1379,  1.1633,  0.5833]
[output] 0.1558345463950046
[input_vals] [-0.9425,  1.0472,  0.3491,  1.0996,  1.6458, -1.1221, -0.3219,  1.0873,  0.5833]
[output] 0.17726896726488459
[input_vals] [-0.9425,  1.0472,  0.3491,  1.0996,  1.7251, -1.1335, -0.2749,  1.122 ,  0.5833]
[output] 0.1431547617040226
[input_vals] [-0.9425,  1.0472,  0.3491,  1.0996,  1.7367, -1.051 , -0.2072,  1.1378,  0.5833]
[output] 0.14543283200946514
[input_vals] [-0.9425,  1.0472,  0.3491,  1.0996,  1.7212, -1.0081, -0.2849,  0.9924,  0.5833]
[output] 0.1632330451469541
[input_vals] [-0.9425,  1.0472,  0.3491,  1.0996,  1.7236, -0.951 , -0.1989,  1.1049,  0.5833]
[output] 0.15228745658564236
[input_vals] [-0.9425,  1.0472,  0.3491,  1.0996,  1.6963, -1.1352, -0.2601,  1.0052,  0.5833]
[output] 0.15504902294811077
[input_vals] [-0.9425,  1.0472,  0.3491,  1.0996,  1.6577, -1.0115, -0.183 ,  1.0494,  0.5833]
[output] 0.19298762588266832
[input_vals] [-0.9425,  1.0472,  0.3491,  1.0996,  1.7593, -1.1301, -0.2431,  1.0017,  0.5833]
[output] 0.13238443521959356
[input_vals] [-0.9425,  1.0472,  0.3491,  1.0996,  1.7777, -1.0038, -0.1719,  0.9852,  0.5833]
[output] 0.12526913168606188
[input_vals] [-0.9425,  1.0472,  0.3491,  1.0996,  1.763 , -1.0211, -0.2553,  0.9913,  0.5833]
[output] 0.12834074616207838
[input_vals] [-0.9425,  1.0472,  0.3491,  1.0996,  1.6389, -0.9974, -0.1385,  1.075 ,  0.5833]
[output] 0.20513473538015556
[input_vals] [-0.9425,  1.0472,  0.3491,  1.0996,  1.6656, -1.0837, -0.2237,  0.9758,  0.5833]
[output] 0.19574256938979653
[input_vals] [-0.9425,  1.0472,  0.3491,  1.0996,  1.6989, -1.0941, -0.3151,  1.0105,  0.5833]
[output] 0.15965311345818553
[input_vals] [-0.9425,  1.0472,  0.3491,  1.0996,  1.7279, -0.9619, -0.1525,  0.9711,  0.5833]
[output] 0.16755022926729063
[input_vals] [-0.9425,  1.0472,  0.3491,  1.0996,  1.6588, -0.9606, -0.154 ,  1.0633,  0.5833]
[output] 0.20655432246761526
[input_vals] [-0.9425,  1.0472,  0.3491,  1.0996,  1.7648, -1.0737, -0.2972,  0.9782,  0.5833]
[output] 0.1259305069233401
[input_vals] [-0.9425,  1.0472,  0.3491,  1.0996,  1.6636, -1.1331, -0.3243,  1.133 ,  0.5833]
[output] 0.1551037553988938
[input_vals] [-0.9425,  1.0472,  0.3491,  1.0996,  1.6328, -1.0406, -0.3203,  1.0756,  0.5833]
[output] 0.22348626407034441
[input_vals] [-0.9425,  1.0472,  0.3491,  1.0996,  1.7931, -1.053 , -0.314 ,  1.1114,  0.5833]
[output] 0.1529986665782122
[input_vals] [-0.9425,  1.0472,  0.3491,  1.0996,  1.6648, -0.994 , -0.2761,  1.1604,  0.5833]
[output] 0.18141696797205648
[input_vals] [-0.9425,  1.0472,  0.3491,  1.0996,  1.6335, -0.9755, -0.2691,  1.1431,  0.5833]
[output] 0.22444858908538964
[input_vals] [-0.9425,  1.0472,  0.3491,  1.0996,  1.7861, -1.0892, -0.239 ,  1.0005,  0.5833]
[output] 0.12714180248138734
[input_vals] [-0.9425,  1.0472,  0.3491,  1.0996,  1.664 , -0.989 , -0.1393,  1.063 ,  0.5833]
[output] 0.18693938382621444
[input_vals] [-0.9425,  1.0472,  0.3491,  1.0996,  1.7611, -1.0717, -0.3007,  1.082 ,  0.5833]
[output] 0.1339310054220544
[input_vals] [-0.9425,  1.0472,  0.3491,  1.0996,  1.717 , -1.1249, -0.1983,  1.1076,  0.5833]
[output] 0.14484474930565347
[input_vals] [-0.9425,  1.0472,  0.3491,  1.0996,  1.7878, -1.1157, -0.1657,  1.1365,  0.5833]
[output] 0.18134059757964385
[input_vals] [-0.9425,  1.0472,  0.3491,  1.0996,  1.8136, -1.1066, -0.162 ,  1.0887,  0.5833]
[output] 0.17665080960009427
[input_vals] [-0.9425,  1.0472,  0.3491,  1.0996,  1.6774, -1.1119, -0.2409,  0.9658,  0.5833]
[output] 0.18436709897013645
[input_vals] [-0.9425,  1.0472,  0.3491,  1.0996,  1.742 , -0.9804, -0.3124,  1.1333,  0.5833]
[output] 0.15293860435074652
[input_vals] [-0.9425,  1.0472,  0.3491,  1.0996,  1.8109, -1.1269, -0.2814,  1.0503,  0.5833]
[output] 0.15078180160482926
[input_vals] [-0.9425,  1.0472,  0.3491,  1.0996,  1.658 , -0.9929, -0.1685,  1.0961,  0.5833]
[output] 0.18321695334429314
[input_vals] [-0.9425,  1.0472,  0.3491,  1.0996,  1.7526, -0.9486, -0.1805,  1.0893,  0.5833]
[output] 0.14290859856031057
[input_vals] [-0.9425,  1.0472,  0.3491,  1.0996,  1.6864, -1.086 , -0.1436,  1.1009,  0.5833]
[output] 0.1472368378467779
[input_vals] [-0.9425,  1.0472,  0.3491,  1.0996,  1.7546, -1.0604, -0.1356,  1.0223,  0.5833]
[output] 0.1327866398607799
[input_vals] [-0.9425,  1.0472,  0.3491,  1.0996,  1.7508, -1.0668, -0.1758,  1.0783,  0.5833]
[output] 0.13771814763812446
[input_vals] [-0.9425,  1.0472,  0.3491,  1.0996,  1.8078, -1.0765, -0.228 ,  0.9838,  0.5833]
[output] 0.1273833955197566
[input_vals] [-0.9425,  1.0472,  0.3491,  1.0996,  1.6589, -1.1377, -0.2465,  1.0149,  0.5833]
[output] 0.17827268011574454
[input_vals] [-0.9425,  1.0472,  0.3491,  1.0996,  1.826 , -1.0276, -0.2569,  1.0473,  0.5833]
[output] 0.14976888826803264
[input_vals] [-0.9425,  1.0472,  0.3491,  1.0996,  1.6612, -1.1305, -0.2741,  1.1068,  0.5833]
[output] 0.1560475927048648
[input_vals] [-0.9425,  1.0472,  0.3491,  1.0996,  1.6836, -1.1205, -0.1522,  1.0228,  0.5833]
[output] 0.15878668813337493
[input_vals] [-0.9425,  1.0472,  0.3491,  1.0996,  1.6613, -0.9988, -0.2604,  0.9934,  0.5833]
[output] 0.23075583644347306
[input_vals] [-0.9425,  1.0472,  0.3491,  1.0996,  1.7161, -1.109 , -0.1838,  1.0331,  0.5833]
[output] 0.1409487723819279
[input_vals] [-0.9425,  1.0472,  0.3491,  1.0996,  1.8161, -1.126 , -0.1878,  1.0192,  0.5833]
[output] 0.15406567005571095
[input_vals] [-0.9425,  1.0472,  0.3491,  1.0996,  1.7647, -0.964 , -0.2881,  1.1485,  0.5833]
[output] 0.15924295017671236
[input_vals] [-0.9425,  1.0472,  0.3491,  1.0996,  1.8094, -1.0455, -0.1979,  1.0191,  0.5833]
[output] 0.13594187709998445
[input_vals] [-0.9425,  1.0472,  0.3491,  1.0996,  1.7878, -0.9796, -0.3077,  1.1127,  0.5833]
[output] 0.15342119289755413
[input_vals] [-0.9425,  1.0472,  0.3491,  1.0996,  1.6283, -1.0735, -0.1772,  1.0367,  0.5833]
[output] 0.20580153182023306
[input_vals] [-0.9425,  1.0472,  0.3491,  1.0996,  1.7288, -1.0713, -0.2885,  1.1359,  0.5833]
[output] 0.14149058863337619
[input_vals] [-0.9425,  1.0472,  0.3491,  1.0996,  1.6702, -1.1014, -0.3001,  1.0843,  0.5833]
[output] 0.15983701188065988
[input_vals] [-0.9425,  1.0472,  0.3491,  1.0996,  1.7716, -1.088 , -0.1386,  1.1435,  0.5833]
[output] 0.17208494128541976
[input_vals] [-0.9425,  1.0472,  0.3491,  1.0996,  1.662 , -1.1032, -0.2342,  0.9966,  0.5833]
[output] 0.18669085690356024
[input_vals] [-0.9425,  1.0472,  0.3491,  1.0996,  1.698 , -1.1146, -0.2647,  1.155 ,  0.5833]
[output] 0.14555289275347183
[input_vals] [-0.9425,  1.0472,  0.3491,  1.0996,  1.8201, -0.9563, -0.202 ,  1.0049,  0.5833]
[output] 0.13322241247966318
[input_vals] [-0.9425,  1.0472,  0.3491,  1.0996,  1.7927, -1.0149, -0.3123,  1.129 ,  0.5833]
[output] 0.1594615198912882
[input_vals] [-0.9425,  1.0472,  0.3491,  1.0996,  1.7645, -1.0988, -0.151 ,  0.9769,  0.5833]
[output] 0.13384302085496047
[input_vals] [-0.9425,  1.0472,  0.3491,  1.0996,  1.7644, -1.0361, -0.2024,  1.1102,  0.5833]
[output] 0.14534763392924613
[input_vals] [-0.9425,  1.0472,  0.3491,  1.0996,  1.7259, -1.0382, -0.3322,  0.9771,  0.5833]
[output] 0.1617095129485777
[input_vals] [-0.9425,  1.0472,  0.3491,  1.0996,  1.6548, -1.0763, -0.2016,  1.0035,  0.5833]
[output] 0.19442003139163058
[input_vals] [-0.9425,  1.0472,  0.3491,  1.0996,  1.6901, -1.0377, -0.2772,  1.0612,  0.5833]
[output] 0.16144522455790242
[input_vals] [-0.9425,  1.0472,  0.3491,  1.0996,  1.7377, -1.1372, -0.3279,  1.1286,  0.5833]
[output] 0.142841379531768
[input_vals] [-0.9425,  1.0472,  0.3491,  1.0996,  1.8164, -0.969 , -0.1992,  1.1479,  0.5833]
[output] 0.18793798055717043
[input_vals] [-0.9425,  1.0472,  0.3491,  1.0996,  1.6699, -1.0505, -0.2158,  1.042 ,  0.5833]
[output] 0.17356583047978344
[input_vals] [-0.9425,  1.0472,  0.3491,  1.0996,  1.6877, -1.1097, -0.1785,  1.0775,  0.5833]
[output] 0.1472228375207469
[input_vals] [-0.9425,  1.0472,  0.3491,  1.0996,  1.6862, -1.0158, -0.2229,  1.029 ,  0.5833]
[output] 0.1741107335518744
[input_vals] [-0.9425,  1.0472,  0.3491,  1.0996,  1.7582, -1.1063, -0.2708,  1.0967,  0.5833]
[output] 0.14133921539771968
[input_vals] [-0.9425,  1.0472,  0.3491,  1.0996,  1.7991, -1.109 , -0.2986,  1.0418,  0.5833]
[output] 0.13790451693790542
[input_vals] [-0.9425,  1.0472,  0.3491,  1.0996,  1.7226, -1.1214, -0.3213,  0.9975,  0.5833]
[output] 0.14394907843882748
[input_vals] [-0.9425,  1.0472,  0.3491,  1.0996,  1.7423, -1.0866, -0.2187,  0.9695,  0.5833]
[output] 0.13646315512840818
[input_vals] [-0.9425,  1.0472,  0.3491,  1.0996,  1.6787, -1.0636, -0.3327,  1.1413,  0.5833]
[output] 0.15897520840391777
[input_vals] [-0.9425,  1.0472,  0.3491,  1.0996,  1.6512, -1.0377, -0.1831,  1.1233,  0.5833]
[output] 0.16856003142904438
[input_vals] [-0.9425,  1.0472,  0.3491,  1.0996,  1.7905, -1.0066, -0.2625,  1.0086,  0.5833]
[output] 0.12504051416079856
[input_vals] [-0.9425,  1.0472,  0.3491,  1.0996,  1.7322, -1.0237, -0.2071,  1.1644,  0.5833]
[output] 0.15062378101790727
[input_vals] [-0.9425,  1.0472,  0.3491,  1.0996,  1.7935, -0.9622, -0.2475,  1.0278,  0.5833]
[output] 0.1328318726424238
[input_vals] [-0.9425,  1.0472,  0.3491,  1.0996,  1.7882, -1.0722, -0.2516,  1.1168,  0.5833]
[output] 0.15887568337772345
[input_vals] [-0.9425,  1.0472,  0.3491,  1.0996,  1.7358, -0.9767, -0.2048,  1.0359,  0.5833]
[output] 0.1433829658674546
[input_vals] [-0.9425,  1.0472,  0.3491,  1.0996,  1.6296, -1.0104, -0.2997,  0.9909,  0.5833]
[output] 0.2772993353004043
[input_vals] [-0.9425,  1.0472,  0.3491,  1.0996,  1.8093, -1.0063, -0.2022,  1.0736,  0.5833]
[output] 0.15207881775828985
[input_vals] [-0.9425,  1.0472,  0.3491,  1.0996,  1.8024, -1.1329, -0.2273,  0.9893,  0.5833]
[output] 0.13765007221386164
[input_vals] [-0.9425,  1.0472,  0.3491,  1.0996,  1.7805, -1.0174, -0.1575,  1.146 ,  0.5833]
[output] 0.16694320170199736
[input_vals] [-0.9425,  1.0472,  0.3491,  1.0996,  1.7599, -1.059 , -0.1889,  1.0592,  0.5833]
[output] 0.1338079936656505
[input_vals] [-0.9425,  1.0472,  0.3491,  1.0996,  1.7264, -1.0282, -0.1419,  1.0186,  0.5833]
[output] 0.14072126973626994
[input_vals] [-0.9425,  1.0472,  0.3491,  1.0996,  1.7936, -1.1107, -0.258 ,  0.985 ,  0.5833]
[output] 0.1274519776631849
[input_vals] [-0.9425,  1.0472,  0.3491,  1.0996,  1.6777, -0.9888, -0.2265,  1.1318,  0.5833]
[output] 0.1681708373269738
[input_vals] [-0.9425,  1.0472,  0.3491,  1.0996,  1.7019, -1.1117, -0.2883,  1.0804,  0.5833]
[output] 0.1412374524745629
[input_vals] [-0.9425,  1.0472,  0.3491,  1.0996,  1.8248, -1.0251, -0.1721,  1.0484,  0.5833]
[output] 0.15429902881955176
[input_vals] [-0.9425,  1.0472,  0.3491,  1.0996,  1.6605, -0.9854, -0.153 ,  1.1224,  0.5833]
[output] 0.1759794655336368
[input_vals] [-0.9425,  1.0472,  0.3491,  1.0996,  1.7472, -1.0772, -0.2453,  1.1171,  0.5833]
[output] 0.14249228804754135
[input_vals] [-0.9425,  1.0472,  0.3491,  1.0996,  1.7758, -1.1034, -0.2759,  1.1255,  0.5833]
[output] 0.15669314151426655
[input_vals] [-0.9425,  1.0472,  0.3491,  1.0996,  1.767 , -0.9841, -0.1549,  1.1496,  0.5833]
[output] 0.15915091564461775
[input_vals] [-0.9425,  1.0472,  0.3491,  1.0996,  1.7179, -1.07  , -0.1969,  1.0572,  0.5833]
[output] 0.13713976207879908
[input_vals] [-0.9425,  1.0472,  0.3491,  1.0996,  1.6603, -0.981 , -0.2685,  1.0925,  0.5833]
[output] 0.2043558232594812
[input_vals] [-0.9425,  1.0472,  0.3491,  1.0996,  1.8262, -1.0766, -0.204 ,  0.966 ,  0.5833]
[output] 0.1308071712538444
[input_vals] [-0.9425,  1.0472,  0.3491,  1.0996,  1.6643, -1.0655, -0.2266,  1.0957,  0.5833]
[output] 0.1612341967571594
[input_vals] [-0.9425,  1.0472,  0.3491,  1.0996,  1.7513, -1.0018, -0.2778,  0.9849,  0.5833]
[output] 0.1410932291646649
[input_vals] [-0.9425,  1.0472,  0.3491,  1.0996,  1.6299, -1.0881, -0.2759,  1.1102,  0.5833]
[output] 0.18568116957765102
[input_vals] [-0.9425,  1.0472,  0.3491,  1.0996,  1.818 , -0.9565, -0.227 ,  1.002 ,  0.5833]
[output] 0.13167758465546045
[input_vals] [-0.9425,  1.0472,  0.3491,  1.0996,  1.6346, -0.9558, -0.2686,  1.0927,  0.5833]
[output] 0.25206385423256267
[input_vals] [-0.9425,  1.0472,  0.3491,  1.0996,  1.7535, -0.9807, -0.1603,  1.1552,  0.5833]
[output] 0.15529230897468937
[input_vals] [-0.9425,  1.0472,  0.3491,  1.0996,  1.63  , -1.0564, -0.1332,  1.1112,  0.5833]
[output] 0.18045962885138161
[input_vals] [-0.9425,  1.0472,  0.3491,  1.0996,  1.7031, -1.0476, -0.3248,  1.1459,  0.5833]
[output] 0.14981852109401814
[input_vals] [-0.9425,  1.0472,  0.3491,  1.0996,  1.6328, -0.9818, -0.1704,  1.1628,  0.5833]
[output] 0.19558576882691742
[input_vals] [-0.9425,  1.0472,  0.3491,  1.0996,  1.6736, -1.0985, -0.2491,  1.0672,  0.5833]
[output] 0.15692104059654982
[input_vals] [-0.9425,  1.0472,  0.3491,  1.0996,  1.7113, -1.1   , -0.15  ,  1.1173,  0.5833]
[output] 0.1462453142098908
[input_vals] [-0.9425,  1.0472,  0.3491,  1.0996,  1.8181, -1.0225, -0.2156,  0.9658,  0.5833]
[output] 0.12182806759904781
[input_vals] [-0.9425,  1.0472,  0.3491,  1.0996,  1.738 , -1.0401, -0.2765,  1.1545,  0.5833]
[output] 0.14776237956021565
[input_vals] [-0.9425,  1.0472,  0.3491,  1.0996,  1.729 , -1.0644, -0.2452,  1.102 ,  0.5833]
[output] 0.13665665514927766
[input_vals] [-0.9425,  1.0472,  0.3491,  1.0996,  1.7418, -0.9539, -0.26  ,  1.0735,  0.5833]
[output] 0.1498439809990856
[input_vals] [-0.9425,  1.0472,  0.3491,  1.0996,  1.8181, -1.1071, -0.1706,  1.0124,  0.5833]
[output] 0.15043611526906248
[input_vals] [-0.9425,  1.0472,  0.3491,  1.0996,  1.6977, -1.0823, -0.3056,  1.132 ,  0.5833]
[output] 0.14435100178664093
[input_vals] [-0.9425,  1.0472,  0.3491,  1.0996,  1.705 , -1.0952, -0.2198,  1.1556,  0.5833]
[output] 0.14664986803370023
[input_vals] [-0.9425,  1.0472,  0.3491,  1.0996,  1.8232, -0.9617, -0.3029,  1.0598,  0.5833]
[output] 0.15225383782945556
[input_vals] [-0.9425,  1.0472,  0.3491,  1.0996,  1.7207, -1.0322, -0.2732,  1.0474,  0.5833]
[output] 0.14320197054889047
[input_vals] [-0.9425,  1.0472,  0.3491,  1.0996,  1.6492, -1.0359, -0.2734,  0.9858,  0.5833]
[output] 0.234099448914342
[input_vals] [-0.9425,  1.0472,  0.3491,  1.0996,  1.7545, -1.1031, -0.151 ,  1.0249,  0.5833]
[output] 0.13739976248689736
[input_vals] [-0.9425,  1.0472,  0.3491,  1.0996,  1.734 , -1.0562, -0.3062,  1.0573,  0.5833]
[output] 0.1346822590823653
[input_vals] [-0.9425,  1.0472,  0.3491,  1.0996,  1.69  , -1.1062, -0.242 ,  1.0941,  0.5833]
[output] 0.14414658371831807
[input_vals] [-0.9425,  1.0472,  0.3491,  1.0996,  1.7085, -1.0955, -0.1471,  1.0075,  0.5833]
[output] 0.1486518156672081
[input_vals] [-0.9425,  1.0472,  0.3491,  1.0996,  1.74  , -0.9839, -0.216 ,  1.1045,  0.5833]
[output] 0.14166488852748735
[input_vals] [-0.9425,  1.0472,  0.3491,  1.0996,  1.7101, -0.9711, -0.1585,  1.1328,  0.5833]
[output] 0.1503142008240858
[input_vals] [-0.9425,  1.0472,  0.3491,  1.0996,  1.7997, -1.1413, -0.3034,  1.1374,  0.5833]
[output] 0.17665654956047855
[input_vals] [-0.9425,  1.0472,  0.3491,  1.0996,  1.7811, -1.0372, -0.2316,  1.104 ,  0.5833]
[output] 0.14889081426852424
[input_vals] [-0.9425,  1.0472,  0.3491,  1.0996,  1.6922, -1.0423, -0.2406,  1.162 ,  0.5833]
[output] 0.148824218797522
[input_vals] [-0.9425,  1.0472,  0.3491,  1.0996,  1.7969, -1.0624, -0.186 ,  1.0779,  0.5833]
[output] 0.1530797129180664
[input_vals] [-0.9425,  1.0472,  0.3491,  1.0996,  1.7277, -1.0814, -0.297 ,  1.0743,  0.5833]
[output] 0.1343314631958911
[input_vals] [-0.9425,  1.0472,  0.3491,  1.0996,  1.6683, -1.0174, -0.1955,  1.091 ,  0.5833]
[output] 0.16919481705418782
[input_vals] [-0.9425,  1.0472,  0.3491,  1.0996,  1.8154, -1.0961, -0.3153,  1.1022,  0.5833]
[output] 0.16540138312392424
[input_vals] [-0.9425,  1.0472,  0.3491,  1.0996,  1.8254, -1.1176, -0.2594,  1.137 ,  0.5833]
[output] 0.19648065203022008
[input_vals] [-0.9425,  1.0472,  0.3491,  1.0996,  1.8031, -0.9998, -0.1999,  0.9845,  0.5833]
[output] 0.12318879752241162
[input_vals] [-0.9425,  1.0472,  0.3491,  1.0996,  1.7953, -1.0641, -0.2998,  1.1606,  0.5833]
[output] 0.17631454610519395
[input_vals] [-0.9425,  1.0472,  0.3491,  1.0996,  1.6639, -0.9657, -0.154 ,  1.1488,  0.5833]
[output] 0.17628657684425877
[input_vals] [-0.9425,  1.0472,  0.3491,  1.0996,  1.6305, -1.0428, -0.2358,  1.1354,  0.5833]
[output] 0.18761143399673033
[input_vals] [-0.9425,  1.0472,  0.3491,  1.0996,  1.7815, -1.1138, -0.2268,  1.045 ,  0.5833]
[output] 0.14051240092121028
[input_vals] [-0.9425,  1.0472,  0.3491,  1.0996,  1.6616, -1.0907, -0.1456,  1.0842,  0.5833]
[output] 0.15948479558834974
