[input_vals] [-0.9254,  0.0847,  1.0659,  1.4284,  2.6704, -1.0084, -0.4654,  0.4712,  0.95  ]
[output] 0.15970292549814533
[input_vals] [-1.0166, -0.001 ,  1.0164,  1.5071,  2.6704, -1.0084, -0.4654,  0.4712,  0.95  ]
[output] 0.0
[input_vals] [-0.9673, -0.0023,  1.1122,  1.4944,  2.6704, -1.0084, -0.4654,  0.4712,  0.95  ]
[output] 0.0
[input_vals] [-0.9334,  0.0749,  0.9761,  1.3555,  2.6704, -1.0084, -0.4654,  0.4712,  0.95  ]
[output] 0.21734228624216181
[input_vals] [-1.0401, -0.0906,  0.9536,  1.3155,  2.6704, -1.0084, -0.4654,  0.4712,  0.95  ]
[output] 0.3027377863558108
[input_vals] [-0.9056, -0.0633,  1.0356,  1.3262,  2.6704, -1.0084, -0.4654,  0.4712,  0.95  ]
[output] 0.07060757920831018
[input_vals] [-0.8605,  0.0063,  0.9751,  1.3871,  2.6704, -1.0084, -0.4654,  0.4712,  0.95  ]
[output] 0.24700896271721598
[input_vals] [-0.9092, -0.0945,  0.9942,  1.4481,  2.6704, -1.0084, -0.4654,  0.4712,  0.95  ]
[output] 0.496960789017859
[input_vals] [-0.8614, -0.0466,  1.0552,  1.4803,  2.6704, -1.0084, -0.4654,  0.4712,  0.95  ]
[output] 0.5402029406886251
[input_vals] [-0.96  ,  0.0358,  1.1231,  1.3142,  2.6704, -1.0084, -0.4654,  0.4712,  0.95  ]
[output] 0.38060785026064614
[input_vals] [-0.8901,  0.0368,  1.0002,  1.4232,  2.6704, -1.0084, -0.4654,  0.4712,  0.95  ]
[output] 0.13810965842923695
[input_vals] [-0.9952,  0.0082,  1.1265,  1.4912,  2.6704, -1.0084, -0.4654,  0.4712,  0.95  ]
[output] 0.10356375854924267
[input_vals] [-0.8508, -0.0238,  1.0833,  1.4233,  2.6704, -1.0084, -0.4654,  0.4712,  0.95  ]
[output] 0.32880570856754426
[input_vals] [-0.9649,  0.0052,  0.9493,  1.5117,  2.6704, -1.0084, -0.4654,  0.4712,  0.95  ]
[output] 0.2244171779061745
[input_vals] [-0.9079, -0.0673,  1.0001,  1.3738,  2.6704, -1.0084, -0.4654,  0.4712,  0.95  ]
[output] 0.22118754538723925
[input_vals] [-0.9061,  0.0579,  0.9473,  1.4879,  2.6704, -1.0084, -0.4654,  0.4712,  0.95  ]
[output] 0.2517548916074697
[input_vals] [-0.9212, -0.021 ,  1.1096,  1.4478,  2.6704, -1.0084, -0.4654,  0.4712,  0.95  ]
[output] 0.11098875996343618
[input_vals] [-1.0298,  0.0934,  0.966 ,  1.5017,  2.6704, -1.0084, -0.4654,  0.4712,  0.95  ]
[output] 0.22632860721444126
[input_vals] [-1.0035, -0.0303,  1.0632,  1.4686,  2.6704, -1.0084, -0.4654,  0.4712,  0.95  ]
[output] 0.0
[input_vals] [-0.998 , -0.0179,  1.1024,  1.36  ,  2.6704, -1.0084, -0.4654,  0.4712,  0.95  ]
[output] 0.28613556763167924
[input_vals] [-0.9919,  0.0893,  1.0322,  1.5022,  2.6704, -1.0084, -0.4654,  0.4712,  0.95  ]
[output] 0.17135536934618859
[input_vals] [-0.9106, -0.049 ,  1.0179,  1.3756,  2.6704, -1.0084, -0.4654,  0.4712,  0.95  ]
[output] 0.14217076416270236
[input_vals] [-0.8913, -0.0899,  1.0161,  1.4862,  2.6704, -1.0084, -0.4654,  0.4712,  0.95  ]
[output] 0.6167462856810311
[input_vals] [-0.8837, -0.0613,  0.9522,  1.4797,  2.6704, -1.0084, -0.4654,  0.4712,  0.95  ]
[output] 0.5988308047644197
[input_vals] [-0.9987, -0.0495,  1.0375,  1.4688,  2.6704, -1.0084, -0.4654,  0.4712,  0.95  ]
[output] 0.0673376384579592
[input_vals] [-0.982 , -0.0165,  1.0621,  1.4436,  2.6704, -1.0084, -0.4654,  0.4712,  0.95  ]
[output] 0.05040173142390741
[input_vals] [-0.9819,  0.0805,  1.0051,  1.4261,  2.6704, -1.0084, -0.4654,  0.4712,  0.95  ]
[output] 0.24736941560537393
[input_vals] [-0.9915, -0.0769,  1.067 ,  1.4774,  2.6704, -1.0084, -0.4654,  0.4712,  0.95  ]
[output] 0.16887838690120682
[input_vals] [-1.0133, -0.0735,  0.967 ,  1.4482,  2.6704, -1.0084, -0.4654,  0.4712,  0.95  ]
[output] 0.15557172820082282
[input_vals] [-0.9095,  0.0016,  0.9979,  1.3559,  2.6704, -1.0084, -0.4654,  0.4712,  0.95  ]
[output] 0.0
[input_vals] [-0.933 ,  0.0923,  1.0633,  1.4845,  2.6704, -1.0084, -0.4654,  0.4712,  0.95  ]
[output] 0.09385198136467927
[input_vals] [-1.0146, -0.0413,  1.0793,  1.4906,  2.6704, -1.0084, -0.4654,  0.4712,  0.95  ]
[output] 0.0
[input_vals] [-0.8557,  0.0374,  0.9843,  1.4426,  2.6704, -1.0084, -0.4654,  0.4712,  0.95  ]
[output] 0.3184307448198337
[input_vals] [-0.9855,  0.0246,  1.0142,  1.4403,  2.6704, -1.0084, -0.4654,  0.4712,  0.95  ]
[output] 0.10886626827329324
[input_vals] [-0.906 , -0.0177,  1.027 ,  1.3436,  2.6704, -1.0084, -0.4654,  0.4712,  0.95  ]
[output] 0.0
[input_vals] [-0.8453, -0.0249,  1.0281,  1.35  ,  2.6704, -1.0084, -0.4654,  0.4712,  0.95  ]
[output] 0.22950987473633455
[input_vals] [-0.9729, -0.0338,  0.9579,  1.4891,  2.6704, -1.0084, -0.4654,  0.4712,  0.95  ]
[output] 0.23406909019567324
[input_vals] [-1.0095,  0.0167,  1.0894,  1.3415,  2.6704, -1.0084, -0.4654,  0.4712,  0.95  ]
[output] 0.3888378035549673
[input_vals] [-0.9174, -0.0357,  0.9631,  1.4006,  2.6704, -1.0084, -0.4654,  0.4712,  0.95  ]
[output] 0.2014229148766571
[input_vals] [-0.884 ,  0.0015,  1.0417,  1.4168,  2.6704, -1.0084, -0.4654,  0.4712,  0.95  ]
[output] 0.17471710119465655
[input_vals] [-0.9917,  0.086 ,  0.9477,  1.4894,  2.6704, -1.0084, -0.4654,  0.4712,  0.95  ]
[output] 0.1375587507282154
[input_vals] [-0.8794,  0.0117,  1.0369,  1.3225,  2.6704, -1.0084, -0.4654,  0.4712,  0.95  ]
[output] 0.05895114343105245
[input_vals] [-0.8494, -0.0815,  1.052 ,  1.4251,  2.6704, -1.0084, -0.4654,  0.4712,  0.95  ]
[output] 0.5431802080611104
[input_vals] [-0.9175,  0.0167,  1.1412,  1.3743,  2.6704, -1.0084, -0.4654,  0.4712,  0.95  ]
[output] 0.16637512158415985
[input_vals] [-0.9795, -0.007 ,  1.136 ,  1.3809,  2.6704, -1.0084, -0.4654,  0.4712,  0.95  ]
[output] 0.25530597699285934
[input_vals] [-0.8859, -0.0764,  1.0673,  1.4484,  2.6704, -1.0084, -0.4654,  0.4712,  0.95  ]
[output] 0.44796004576016324
[input_vals] [-0.9995, -0.0364,  0.96  ,  1.4946,  2.6704, -1.0084, -0.4654,  0.4712,  0.95  ]
[output] 0.16537931746538284
[input_vals] [-0.9219,  0.0796,  1.0283,  1.3631,  2.6704, -1.0084, -0.4654,  0.4712,  0.95  ]
[output] 0.22422634653848741
[input_vals] [-1.0157,  0.0978,  1.1177,  1.3141,  2.6704, -1.0084, -0.4654,  0.4712,  0.95  ]
[output] 0.48629029738309776
[input_vals] [-0.8609, -0.0027,  1.113 ,  1.3991,  2.6704, -1.0084, -0.4654,  0.4712,  0.95  ]
[output] 0.13591860460639754
[input_vals] [-1.0205,  0.0531,  1.1222,  1.5005,  2.6704, -1.0084, -0.4654,  0.4712,  0.95  ]
[output] 0.24196752005882596
[input_vals] [-1.0105,  0.0306,  1.0792,  1.4302,  2.6704, -1.0084, -0.4654,  0.4712,  0.95  ]
[output] 0.2697566392177994
[input_vals] [-0.8986,  0.0937,  1.0394,  1.4822,  2.6704, -1.0084, -0.4654,  0.4712,  0.95  ]
[output] 0.1011161942881841
[input_vals] [-0.8966, -0.0444,  0.9528,  1.4887,  2.6704, -1.0084, -0.4654,  0.4712,  0.95  ]
[output] 0.5308508443931794
[input_vals] [-1.0395,  0.01  ,  0.9797,  1.4489,  2.6704, -1.0084, -0.4654,  0.4712,  0.95  ]
[output] 0.17937197002913885
[input_vals] [-0.9546, -0.0658,  1.0336,  1.3328,  2.6704, -1.0084, -0.4654,  0.4712,  0.95  ]
[output] 0.06752462699184685
[input_vals] [-1.021 ,  0.0377,  1.0676,  1.4315,  2.6704, -1.0084, -0.4654,  0.4712,  0.95  ]
[output] 0.2958996995342848
[input_vals] [-0.864 ,  0.0292,  1.1004,  1.4571,  2.6704, -1.0084, -0.4654,  0.4712,  0.95  ]
[output] 0.20075829884693125
[input_vals] [-1.0195, -0.0503,  1.0971,  1.4332,  2.6704, -1.0084, -0.4654,  0.4712,  0.95  ]
[output] 0.13145877870538827
[input_vals] [-0.8938,  0.0943,  1.1465,  1.4764,  2.6704, -1.0084, -0.4654,  0.4712,  0.95  ]
[output] 0.09478317894390532
[input_vals] [-1.0006,  0.0602,  1.0982,  1.4009,  2.6704, -1.0084, -0.4654,  0.4712,  0.95  ]
[output] 0.34548650147494014
[input_vals] [-0.8496, -0.0638,  0.9639,  1.433 ,  2.6704, -1.0084, -0.4654,  0.4712,  0.95  ]
[output] 0.5943735535273221
[input_vals] [-1.0329,  0.0401,  0.9774,  1.3737,  2.6704, -1.0084, -0.4654,  0.4712,  0.95  ]
[output] 0.32484724545740207
[input_vals] [-0.9872, -0.0128,  1.0151,  1.5029,  2.6704, -1.0084, -0.4654,  0.4712,  0.95  ]
[output] 0.10837611006266855
[input_vals] [-0.9032,  0.0924,  0.9631,  1.4085,  2.6704, -1.0084, -0.4654,  0.4712,  0.95  ]
[output] 0.10746514145762012
[input_vals] [-0.9072, -0.0024,  1.116 ,  1.3555,  2.6704, -1.0084, -0.4654,  0.4712,  0.95  ]
[output] 0.09953959532961065
[input_vals] [-0.8675,  0.091 ,  1.0954,  1.4909,  2.6704, -1.0084, -0.4654,  0.4712,  0.95  ]
[output] 0.125895283223097
[input_vals] [-0.9045, -0.0615,  1.0871,  1.4049,  2.6704, -1.0084, -0.4654,  0.4712,  0.95  ]
[output] 0.1999173107443911
[input_vals] [-1.0122, -0.0167,  1.0512,  1.4562,  2.6704, -1.0084, -0.4654,  0.4712,  0.95  ]
[output] 0.10307228899611667
[input_vals] [-0.8874, -0.0787,  0.9749,  1.4175,  2.6704, -1.0084, -0.4654,  0.4712,  0.95  ]
[output] 0.46309156573119775
[input_vals] [-0.8602, -0.0326,  1.119 ,  1.5015,  2.6704, -1.0084, -0.4654,  0.4712,  0.95  ]
[output] 0.4923886478674486
[input_vals] [-0.9204,  0.0425,  1.1445,  1.3436,  2.6704, -1.0084, -0.4654,  0.4712,  0.95  ]
[output] 0.2767872889448333
[input_vals] [-1.0075, -0.0124,  1.0998,  1.3962,  2.6704, -1.0084, -0.4654,  0.4712,  0.95  ]
[output] 0.25528479866028775
[input_vals] [-0.8918,  0.0175,  1.0535,  1.4618,  2.6704, -1.0084, -0.4654,  0.4712,  0.95  ]
[output] 0.20686151621674542
[input_vals] [-0.8553,  0.0731,  1.1446,  1.4191,  2.6704, -1.0084, -0.4654,  0.4712,  0.95  ]
[output] 0.05700625987816286
[input_vals] [-1.0393,  0.0648,  1.0068,  1.4784,  2.6704, -1.0084, -0.4654,  0.4712,  0.95  ]
[output] 0.26388443204934003
[input_vals] [-0.9586,  0.03  ,  1.0307,  1.4107,  2.6704, -1.0084, -0.4654,  0.4712,  0.95  ]
[output] 0.11460004969225193
[input_vals] [-0.9838,  0.0827,  1.0473,  1.3484,  2.6704, -1.0084, -0.4654,  0.4712,  0.95  ]
[output] 0.400138860628195
[input_vals] [-0.8727, -0.0209,  1.0163,  1.4197,  2.6704, -1.0084, -0.4654,  0.4712,  0.95  ]
[output] 0.309313614837543
[input_vals] [-0.8847,  0.0682,  1.087 ,  1.4089,  2.6704, -1.0084, -0.4654,  0.4712,  0.95  ]
[output] 0.08038557061088768
[input_vals] [-0.9197,  0.0432,  1.0983,  1.3373,  2.6704, -1.0084, -0.4654,  0.4712,  0.95  ]
[output] 0.16440984918189508
[input_vals] [-0.8805,  0.0665,  1.0082,  1.3451,  2.6704, -1.0084, -0.4654,  0.4712,  0.95  ]
[output] 0.11615779797831143
[input_vals] [-0.9714,  0.0665,  1.0007,  1.4829,  2.6704, -1.0084, -0.4654,  0.4712,  0.95  ]
[output] 0.09528665132101712
[input_vals] [-1.0344,  0.0968,  1.0645,  1.3536,  2.6704, -1.0084, -0.4654,  0.4712,  0.95  ]
[output] 0.5092331613714112
[input_vals] [-0.9586, -0.0077,  1.1232,  1.5119,  2.6704, -1.0084, -0.4654,  0.4712,  0.95  ]
[output] 0.1028027227856556
[input_vals] [-0.9436, -0.0546,  1.0194,  1.3212,  2.6704, -1.0084, -0.4654,  0.4712,  0.95  ]
[output] 0.06780052896050273
[input_vals] [-1.0128, -0.0296,  1.0637,  1.3965,  2.6704, -1.0084, -0.4654,  0.4712,  0.95  ]
[output] 0.20375759171657887
[input_vals] [-0.919 , -0.0798,  1.0128,  1.3323,  2.6704, -1.0084, -0.4654,  0.4712,  0.95  ]
[output] 0.12022152017185286
[input_vals] [-0.8726, -0.0519,  0.9615,  1.3797,  2.6704, -1.0084, -0.4654,  0.4712,  0.95  ]
[output] 0.3546513138961401
[input_vals] [-0.9926,  0.0032,  1.0672,  1.353 ,  2.6704, -1.0084, -0.4654,  0.4712,  0.95  ]
[output] 0.29810365706726155
[input_vals] [-0.8661,  0.021 ,  0.9517,  1.3859,  2.6704, -1.0084, -0.4654,  0.4712,  0.95  ]
[output] 0.21703915167214088
[input_vals] [-0.8719, -0.0632,  1.1309,  1.4116,  2.6704, -1.0084, -0.4654,  0.4712,  0.95  ]
[output] 0.2870939372787872
[input_vals] [-0.8433,  0.0742,  1.0535,  1.3965,  2.6704, -1.0084, -0.4654,  0.4712,  0.95  ]
[output] 0.10250379252321967
[input_vals] [-0.998 ,  0.095 ,  1.139 ,  1.4344,  2.6704, -1.0084, -0.4654,  0.4712,  0.95  ]
[output] 0.35518586054842355
[input_vals] [-0.9776,  0.0909,  1.0704,  1.5071,  2.6704, -1.0084, -0.4654,  0.4712,  0.95  ]
[output] 0.15884970687241398
[input_vals] [-0.9256,  0.0804,  1.1198,  1.4084,  2.6704, -1.0084, -0.4654,  0.4712,  0.95  ]
[output] 0.23286698037465953
[input_vals] [-0.9345, -0.0604,  1.09  ,  1.4446,  2.6704, -1.0084, -0.4654,  0.4712,  0.95  ]
[output] 0.19537188469040515
[input_vals] [-1.0072,  0.0317,  1.003 ,  1.5026,  2.6704, -1.0084, -0.4654,  0.4712,  0.95  ]
[output] 0.07299906286876326
[input_vals] [-0.9289,  0.0068,  1.1258,  1.3701,  2.6704, -1.0084, -0.4654,  0.4712,  0.95  ]
[output] 0.16875122889143196
[input_vals] [-0.8661,  0.0885,  1.0749,  1.4398,  2.6704, -1.0084, -0.4654,  0.4712,  0.95  ]
[output] 0.0778480959657076
[input_vals] [-0.9466,  0.0146,  1.0214,  1.5044,  2.6704, -1.0084, -0.4654,  0.4712,  0.95  ]
[output] 0.17208165693500035
[input_vals] [-0.9382, -0.0725,  1.1085,  1.4691,  2.6704, -1.0084, -0.4654,  0.4712,  0.95  ]
[output] 0.26861446158824254
[input_vals] [-0.9061, -0.0719,  1.0853,  1.3792,  2.6704, -1.0084, -0.4654,  0.4712,  0.95  ]
[output] 0.16400962012705533
[input_vals] [-0.9633, -0.0565,  1.0121,  1.4659,  2.6704, -1.0084, -0.4654,  0.4712,  0.95  ]
[output] 0.21936127937418826
[input_vals] [-0.9808, -0.0693,  0.9822,  1.3449,  2.6704, -1.0084, -0.4654,  0.4712,  0.95  ]
[output] 0.15282157776455252
[input_vals] [-1.0196,  0.0549,  1.0623,  1.3878,  2.6704, -1.0084, -0.4654,  0.4712,  0.95  ]
[output] 0.38532794438163664
[input_vals] [-0.9379,  0.0233,  1.0679,  1.4776,  2.6704, -1.0084, -0.4654,  0.4712,  0.95  ]
[output] 0.06530270348091267
[input_vals] [-0.9254,  0.0696,  1.1398,  1.4742,  2.6704, -1.0084, -0.4654,  0.4712,  0.95  ]
[output] 0.09788688079628796
[input_vals] [-0.9151, -0.0746,  1.1235,  1.4978,  2.6704, -1.0084, -0.4654,  0.4712,  0.95  ]
[output] 0.4205469560066
[input_vals] [-0.931 , -0.0692,  1.0188,  1.5087,  2.6704, -1.0084, -0.4654,  0.4712,  0.95  ]
[output] 0.47880935829921284
[input_vals] [-0.8952,  0.0404,  1.0378,  1.4223,  2.6704, -1.0084, -0.4654,  0.4712,  0.95  ]
[output] 0.07592119204716823
[input_vals] [-0.8961,  0.0778,  1.0784,  1.4013,  2.6704, -1.0084, -0.4654,  0.4712,  0.95  ]
[output] 0.13153420716837377
[input_vals] [-0.8665,  0.0504,  1.0734,  1.4308,  2.6704, -1.0084, -0.4654,  0.4712,  0.95  ]
[output] 0.11633778527553922
[input_vals] [-0.9469, -0.0612,  0.9678,  1.3975,  2.6704, -1.0084, -0.4654,  0.4712,  0.95  ]
[output] 0.17271992074467094
[input_vals] [-1.0096,  0.0476,  1.0724,  1.4691,  2.6704, -1.0084, -0.4654,  0.4712,  0.95  ]
[output] 0.16317298700290261
[input_vals] [-0.9455,  0.0818,  0.9672,  1.4348,  2.6704, -1.0084, -0.4654,  0.4712,  0.95  ]
[output] 0.12689145197898433
[input_vals] [-0.8594,  0.0531,  1.0914,  1.4514,  2.6704, -1.0084, -0.4654,  0.4712,  0.95  ]
[output] 0.15445718936266514
[input_vals] [-0.9546,  0.0228,  1.0746,  1.3713,  2.6704, -1.0084, -0.4654,  0.4712,  0.95  ]
[output] 0.19545155869278266
[input_vals] [-1.04  ,  0.0785,  1.0569,  1.3961,  2.6704, -1.0084, -0.4654,  0.4712,  0.95  ]
[output] 0.379593019404998
[input_vals] [-1.0411, -0.0335,  1.136 ,  1.4913,  2.6704, -1.0084, -0.4654,  0.4712,  0.95  ]
[output] 0.135256024658701
[input_vals] [-0.972 , -0.0571,  1.1228,  1.3137,  2.6704, -1.0084, -0.4654,  0.4712,  0.95  ]
[output] 0.24138647393776602
[input_vals] [-0.9364,  0.052 ,  1.0729,  1.493 ,  2.6704, -1.0084, -0.4654,  0.4712,  0.95  ]
[output] 0.05053976566353992
[input_vals] [-0.8617, -0.0942,  1.0136,  1.4312,  2.6704, -1.0084, -0.4654,  0.4712,  0.95  ]
[output] 0.5912317793511623
[input_vals] [-0.9963, -0.0145,  0.966 ,  1.4205,  2.6704, -1.0084, -0.4654,  0.4712,  0.95  ]
[output] 0.05928493986635031
[input_vals] [-0.9326,  0.0725,  1.0454,  1.3828,  2.6704, -1.0084, -0.4654,  0.4712,  0.95  ]
[output] 0.2172129002432133
[input_vals] [-0.869 ,  0.0242,  1.003 ,  1.469 ,  2.6704, -1.0084, -0.4654,  0.4712,  0.95  ]
[output] 0.34836009577232496
[input_vals] [-0.9738, -0.0448,  0.9989,  1.3344,  2.6704, -1.0084, -0.4654,  0.4712,  0.95  ]
[output] 0.11768296256410724
[input_vals] [-0.9086,  0.0561,  1.1393,  1.3762,  2.6704, -1.0084, -0.4654,  0.4712,  0.95  ]
[output] 0.13171734553931547
[input_vals] [-0.9005,  0.0352,  0.963 ,  1.4933,  2.6704, -1.0084, -0.4654,  0.4712,  0.95  ]
[output] 0.3167562614427139
[input_vals] [-0.9362, -0.0725,  0.9815,  1.3152,  2.6704, -1.0084, -0.4654,  0.4712,  0.95  ]
[output] 0.08169260590169512
[input_vals] [-1.0143, -0.074 ,  1.0932,  1.3505,  2.6704, -1.0084, -0.4654,  0.4712,  0.95  ]
[output] 0.21847312524002377
[input_vals] [-0.9027,  0.0392,  1.0409,  1.3487,  2.6704, -1.0084, -0.4654,  0.4712,  0.95  ]
[output] 0.1324829840753159
[input_vals] [-0.8564, -0.0274,  1.1249,  1.4498,  2.6704, -1.0084, -0.4654,  0.4712,  0.95  ]
[output] 0.3396509696401334
[input_vals] [-0.8723,  0.0253,  1.1467,  1.492 ,  2.6704, -1.0084, -0.4654,  0.4712,  0.95  ]
[output] 0.2079595691578862
[input_vals] [-0.9276, -0.0776,  0.9618,  1.4431,  2.6704, -1.0084, -0.4654,  0.4712,  0.95  ]
[output] 0.40445616318590927
[input_vals] [-1.0001,  0.0199,  1.0598,  1.3999,  2.6704, -1.0084, -0.4654,  0.4712,  0.95  ]
[output] 0.2637604844126498
[input_vals] [-0.9651, -0.0037,  1.1054,  1.3329,  2.6704, -1.0084, -0.4654,  0.4712,  0.95  ]
[output] 0.2840930454971938
[input_vals] [-0.9925,  0.0169,  1.1192,  1.3783,  2.6704, -1.0084, -0.4654,  0.4712,  0.95  ]
[output] 0.32063651882097155
[input_vals] [-0.925 ,  0.0677,  1.1466,  1.4489,  2.6704, -1.0084, -0.4654,  0.4712,  0.95  ]
[output] 0.12249710613443296
[input_vals] [-0.9962, -0.0899,  1.1119,  1.4466,  2.6704, -1.0084, -0.4654,  0.4712,  0.95  ]
[output] 0.08839915161312543
[input_vals] [-1.0064, -0.049 ,  1.0733,  1.4017,  2.6704, -1.0084, -0.4654,  0.4712,  0.95  ]
[output] 0.1435986239970478
[input_vals] [-0.8668,  0.0045,  1.0378,  1.4844,  2.6704, -1.0084, -0.4654,  0.4712,  0.95  ]
[output] 0.40824489576204065
[input_vals] [-0.9957,  0.0211,  0.9726,  1.4222,  2.6704, -1.0084, -0.4654,  0.4712,  0.95  ]
[output] 0.11784368875363689
[input_vals] [-0.9404,  0.0284,  1.0503,  1.4805,  2.6704, -1.0084, -0.4654,  0.4712,  0.95  ]
[output] 0.07298974238048135
[input_vals] [-0.9766, -0.0175,  0.9996,  1.3295,  2.6704, -1.0084, -0.4654,  0.4712,  0.95  ]
[output] 0.197116498628744
[input_vals] [-0.8991, -0.0301,  0.9749,  1.4893,  2.6704, -1.0084, -0.4654,  0.4712,  0.95  ]
[output] 0.46443267785824377
[input_vals] [-0.8786, -0.0676,  1.1412,  1.4181,  2.6704, -1.0084, -0.4654,  0.4712,  0.95  ]
[output] 0.2836990066964037
[input_vals] [-0.8462, -0.0159,  0.9883,  1.4476,  2.6704, -1.0084, -0.4654,  0.4712,  0.95  ]
[output] 0.4922174802654814
[input_vals] [-1.0392,  0.0723,  1.1068,  1.4486,  2.6704, -1.0084, -0.4654,  0.4712,  0.95  ]
[output] 0.39191217393724953
[input_vals] [-0.9958, -0.0016,  1.0356,  1.4468,  2.6704, -1.0084, -0.4654,  0.4712,  0.95  ]
[output] 0.10053444915046736
[input_vals] [-0.8953,  0.0819,  0.9569,  1.4371,  2.6704, -1.0084, -0.4654,  0.4712,  0.95  ]
[output] 0.1311322957450119
[input_vals] [-1.0197, -0.0766,  1.0653,  1.4654,  2.6704, -1.0084, -0.4654,  0.4712,  0.95  ]
[output] 0.06473112061808164
[input_vals] [-0.8869, -0.0655,  1.0307,  1.356 ,  2.6704, -1.0084, -0.4654,  0.4712,  0.95  ]
[output] 0.20980305306479238
[input_vals] [-1.04  , -0.0185,  1.0117,  1.4884,  2.6704, -1.0084, -0.4654,  0.4712,  0.95  ]
[output] 0.07096635953272502
[input_vals] [-0.9177, -0.0725,  1.0998,  1.3344,  2.6704, -1.0084, -0.4654,  0.4712,  0.95  ]
[output] 0.0
[input_vals] [-0.9357, -0.0246,  0.9883,  1.4483,  2.6704, -1.0084, -0.4654,  0.4712,  0.95  ]
[output] 0.1994260725650642
[input_vals] [-0.9394, -0.0782,  1.1439,  1.3499,  2.6704, -1.0084, -0.4654,  0.4712,  0.95  ]
[output] 0.07302404012800728
[input_vals] [-0.8434, -0.0258,  1.0135,  1.4691,  2.6704, -1.0084, -0.4654,  0.4712,  0.95  ]
[output] 0.557032609956567
[input_vals] [-1.0404,  0.089 ,  0.9618,  1.3448,  2.6704, -1.0084, -0.4654,  0.4712,  0.95  ]
[output] 0.45514167430402175
[input_vals] [-0.9116, -0.032 ,  1.1052,  1.4054,  2.6704, -1.0084, -0.4654,  0.4712,  0.95  ]
[output] 0.07265611695356179
[input_vals] [-1.0022,  0.0688,  1.1   ,  1.3384,  2.6704, -1.0084, -0.4654,  0.4712,  0.95  ]
[output] 0.45556425352625246
[input_vals] [-0.8864,  0.0006,  1.0761,  1.4611,  2.6704, -1.0084, -0.4654,  0.4712,  0.95  ]
[output] 0.24228931039798116
[input_vals] [-0.9333,  0.015 ,  1.0892,  1.4502,  2.6704, -1.0084, -0.4654,  0.4712,  0.95  ]
[output] 0.0
[input_vals] [-0.9489,  0.0808,  1.0063,  1.4033,  2.6704, -1.0084, -0.4654,  0.4712,  0.95  ]
[output] 0.20844271860865735
[input_vals] [-0.94  ,  0.0676,  1.1018,  1.4259,  2.6704, -1.0084, -0.4654,  0.4712,  0.95  ]
[output] 0.1939345940624571
[input_vals] [-1.022 , -0.0755,  1.0538,  1.3681,  2.6704, -1.0084, -0.4654,  0.4712,  0.95  ]
[output] 0.1672937473925253
[input_vals] [-0.8653, -0.0105,  1.1407,  1.3258,  2.6704, -1.0084, -0.4654,  0.4712,  0.95  ]
[output] 0.05131996494012812
[input_vals] [-0.9291, -0.0597,  1.042 ,  1.4848,  2.6704, -1.0084, -0.4654,  0.4712,  0.95  ]
[output] 0.36899996519548245
[input_vals] [-0.8638, -0.0898,  1.0081,  1.3898,  2.6704, -1.0084, -0.4654,  0.4712,  0.95  ]
[output] 0.47404403006574586
[input_vals] [-0.9395,  0.091 ,  1.0186,  1.4045,  2.6704, -1.0084, -0.4654,  0.4712,  0.95  ]
[output] 0.21085304660370502
[input_vals] [-0.9132, -0.0438,  0.9864,  1.33  ,  2.6704, -1.0084, -0.4654,  0.4712,  0.95  ]
[output] 0.054454241769232206
[input_vals] [-0.8618, -0.0265,  1.0432,  1.4188,  2.6704, -1.0084, -0.4654,  0.4712,  0.95  ]
[output] 0.3316356674424171
[input_vals] [-0.9827, -0.0993,  0.9541,  1.4759,  2.6704, -1.0084, -0.4654,  0.4712,  0.95  ]
[output] 0.20984564333613462
[input_vals] [-0.9558,  0.015 ,  1.0405,  1.3448,  2.6704, -1.0084, -0.4654,  0.4712,  0.95  ]
[output] 0.22575973368176733
[input_vals] [-0.8564, -0.0565,  1.1029,  1.433 ,  2.6704, -1.0084, -0.4654,  0.4712,  0.95  ]
[output] 0.41019183053640884
[input_vals] [-0.9403,  0.0109,  0.9682,  1.3425,  2.6704, -1.0084, -0.4654,  0.4712,  0.95  ]
[output] 0.09785838808933581
[input_vals] [-0.8913, -0.0228,  1.0882,  1.4904,  2.6704, -1.0084, -0.4654,  0.4712,  0.95  ]
[output] 0.3581218247544729
[input_vals] [-0.8581, -0.0967,  1.0585,  1.3617,  2.6704, -1.0084, -0.4654,  0.4712,  0.95  ]
[output] 0.3913276141945652
[input_vals] [-1.0289,  0.0798,  1.0323,  1.5021,  2.6704, -1.0084, -0.4654,  0.4712,  0.95  ]
[output] 0.2424642695687993
[input_vals] [-0.9709, -0.0095,  1.0086,  1.4464,  2.6704, -1.0084, -0.4654,  0.4712,  0.95  ]
[output] 0.0
[input_vals] [-0.8519,  0.0158,  1.0487,  1.4912,  2.6704, -1.0084, -0.4654,  0.4712,  0.95  ]
[output] 0.4362466704706576
[input_vals] [-0.9654,  0.0786,  1.0889,  1.348 ,  2.6704, -1.0084, -0.4654,  0.4712,  0.95  ]
[output] 0.38113959703709316
[input_vals] [-0.9964, -0.0472,  0.987 ,  1.3994,  2.6704, -1.0084, -0.4654,  0.4712,  0.95  ]
[output] 0.04688044284990893
[input_vals] [-0.9518, -0.0336,  1.0351,  1.3314,  2.6704, -1.0084, -0.4654,  0.4712,  0.95  ]
[output] 0.13345326423035583
[input_vals] [-0.8951, -0.0089,  0.9959,  1.4385,  2.6704, -1.0084, -0.4654,  0.4712,  0.95  ]
[output] 0.2674046726995211
[input_vals] [-0.9437, -0.0598,  1.0689,  1.3243,  2.6704, -1.0084, -0.4654,  0.4712,  0.95  ]
[output] 0.09900860204141479
[input_vals] [-0.9571,  0.0556,  1.0136,  1.4778,  2.6704, -1.0084, -0.4654,  0.4712,  0.95  ]
[output] 0.06520208638009627
[input_vals] [-0.8819, -0.0272,  1.0349,  1.4492,  2.6704, -1.0084, -0.4654,  0.4712,  0.95  ]
[output] 0.35083071919840236
[input_vals] [-0.9907,  0.0003,  1.142 ,  1.4437,  2.6704, -1.0084, -0.4654,  0.4712,  0.95  ]
[output] 0.18618144773276127
[input_vals] [-0.9054,  0.051 ,  1.0871,  1.3793,  2.6704, -1.0084, -0.4654,  0.4712,  0.95  ]
[output] 0.1479241403889013
[input_vals] [-0.9529, -0.0339,  0.9691,  1.3676,  2.6704, -1.0084, -0.4654,  0.4712,  0.95  ]
[output] 0.0
[input_vals] [-0.8436,  0.0853,  0.9588,  1.3922,  2.6704, -1.0084, -0.4654,  0.4712,  0.95  ]
[output] 0.18515571400451392
[input_vals] [-0.9254, -0.0869,  1.0881,  1.3613,  2.6704, -1.0084, -0.4654,  0.4712,  0.95  ]
[output] 0.10643885511803335
[input_vals] [-0.8594, -0.0851,  1.0341,  1.3973,  2.6704, -1.0084, -0.4654,  0.4712,  0.95  ]
[output] 0.46658774866827374
[input_vals] [-0.993 , -0.0615,  1.0389,  1.3339,  2.6704, -1.0084, -0.4654,  0.4712,  0.95  ]
[output] 0.17242507490112252
[input_vals] [-0.8477, -0.0219,  1.0492,  1.452 ,  2.6704, -1.0084, -0.4654,  0.4712,  0.95  ]
[output] 0.4498317533558964
[input_vals] [-0.9666,  0.0756,  1.0348,  1.3785,  2.6704, -1.0084, -0.4654,  0.4712,  0.95  ]
[output] 0.3015364600817159
[input_vals] [-0.8427,  0.0781,  1.147 ,  1.4378,  2.6704, -1.0084, -0.4654,  0.4712,  0.95  ]
[output] 0.0
[input_vals] [-0.8465, -0.0717,  1.0758,  1.3448,  2.6704, -1.0084, -0.4654,  0.4712,  0.95  ]
[output] 0.2922389560371793
[input_vals] [-0.9228, -0.0712,  1.0854,  1.4055,  2.6704, -1.0084, -0.4654,  0.4712,  0.95  ]
[output] 0.17221953268472387
