[input_vals] [-1.354 ,  0.002 , -0.2817,  1.4156,  1.7236, -0.0068, -0.047 ,  1.3584,  0.95  ]
[output] 0.1
[input_vals] [-1.354 ,  0.002 , -0.2817,  1.4156,  1.6919, -0.0804, -0.0809,  1.3779,  0.95  ]
[output] 0.1
[input_vals] [-1.354 ,  0.002 , -0.2817,  1.4156,  1.7589,  0.0105, -0.0561,  1.301 ,  0.95  ]
[output] 0.19640113993450006
[input_vals] [-1.354 ,  0.002 , -0.2817,  1.4156,  1.6466, -0.125 , -0.0464,  1.41  ,  0.95  ]
[output] 0.2396792447656391
[input_vals] [-1.354 ,  0.002 , -0.2817,  1.4156,  1.7348, -0.1629, -0.0382,  1.3992,  0.95  ]
[output] 0.1
[input_vals] [-1.354 ,  0.002 , -0.2817,  1.4156,  1.7707, -0.143 ,  0.0503,  1.3021,  0.95  ]
[output] 0.1
[input_vals] [-1.354 ,  0.002 , -0.2817,  1.4156,  1.7862, -0.0886,  0.0723,  1.3334,  0.95  ]
[output] 0.1
[input_vals] [-1.354 ,  0.002 , -0.2817,  1.4156,  1.6448, -0.0507, -0.0313,  1.3609,  0.95  ]
[output] 0.2139653257005652
[input_vals] [-1.354 ,  0.002 , -0.2817,  1.4156,  1.8082, -0.0709,  0.0386,  1.3147,  0.95  ]
[output] 0.15814391499314304
[input_vals] [-1.354 ,  0.002 , -0.2817,  1.4156,  1.6505, -0.1539,  0.0468,  1.2847,  0.95  ]
[output] 0.22667638250698266
[input_vals] [-1.354 ,  0.002 , -0.2817,  1.4156,  1.697 , -0.1002, -0.0067,  1.3433,  0.95  ]
[output] 0.16725893277547002
[input_vals] [-1.354 ,  0.002 , -0.2817,  1.4156,  1.707 , -0.0316, -0.1008,  1.4781,  0.95  ]
[output] 0.1
[input_vals] [-1.354 ,  0.002 , -0.2817,  1.4156,  1.6722, -0.1531, -0.0608,  1.4351,  0.95  ]
[output] 0.20671412774856446
[input_vals] [-1.354 ,  0.002 , -0.2817,  1.4156,  1.7806, -0.1003, -0.0044,  1.4584,  0.95  ]
[output] 0.149118956867566
[input_vals] [-1.354 ,  0.002 , -0.2817,  1.4156,  1.6557, -0.0282,  0.0796,  1.3408,  0.95  ]
[output] 0.2320984040524872
[input_vals] [-1.354 ,  0.002 , -0.2817,  1.4156,  1.7342, -0.0286,  0.0569,  1.3338,  0.95  ]
[output] 0.1
[input_vals] [-1.354 ,  0.002 , -0.2817,  1.4156,  1.6723, -0.0587,  0.0491,  1.4168,  0.95  ]
[output] 0.20870950448492825
[input_vals] [-1.354 ,  0.002 , -0.2817,  1.4156,  1.6675, -0.0372, -0.0762,  1.4585,  0.95  ]
[output] 0.1681483860146999
[input_vals] [-1.354 ,  0.002 , -0.2817,  1.4156,  1.8073, -0.1132,  0.0233,  1.4593,  0.95  ]
[output] 0.1468389646353403
[input_vals] [-1.354 ,  0.002 , -0.2817,  1.4156,  1.7002, -0.0116, -0.0723,  1.3678,  0.95  ]
[output] 0.1
[input_vals] [-1.354 ,  0.002 , -0.2817,  1.4156,  1.7353, -0.0747, -0.0134,  1.3371,  0.95  ]
[output] 0.1
[input_vals] [-1.354 ,  0.002 , -0.2817,  1.4156,  1.8236, -0.1498,  0.034 ,  1.3672,  0.95  ]
[output] 0.15720718224617852
[input_vals] [-1.354 ,  0.002 , -0.2817,  1.4156,  1.709 , -0.132 ,  0.0151,  1.4676,  0.95  ]
[output] 0.1718050284652893
[input_vals] [-1.354 ,  0.002 , -0.2817,  1.4156,  1.8078, -0.1463,  0.0022,  1.4532,  0.95  ]
[output] 0.14302606995265305
[input_vals] [-1.354 ,  0.002 , -0.2817,  1.4156,  1.8059, -0.0752,  0.0712,  1.3328,  0.95  ]
[output] 0.1
[input_vals] [-1.354 ,  0.002 , -0.2817,  1.4156,  1.7271, -0.1254, -0.0196,  1.3756,  0.95  ]
[output] 0.1
[input_vals] [-1.354 ,  0.002 , -0.2817,  1.4156,  1.7655, -0.1142, -0.1063,  1.4574,  0.95  ]
[output] 0.1567765649067112
[input_vals] [-1.354 ,  0.002 , -0.2817,  1.4156,  1.6465, -0.0696,  0.0025,  1.4703,  0.95  ]
[output] 0.24159760635735533
[input_vals] [-1.354 ,  0.002 , -0.2817,  1.4156,  1.6475, -0.1048, -0.1042,  1.3401,  0.95  ]
[output] 0.21318804708370054
[input_vals] [-1.354 ,  0.002 , -0.2817,  1.4156,  1.7286, -0.1708, -0.0225,  1.3358,  0.95  ]
[output] 0.1
[input_vals] [-1.354 ,  0.002 , -0.2817,  1.4156,  1.8265, -0.1352, -0.081 ,  1.3286,  0.95  ]
[output] 0.18914981646943643
[input_vals] [-1.354 ,  0.002 , -0.2817,  1.4156,  1.7377, -0.1808, -0.0545,  1.4328,  0.95  ]
[output] 0.1
[input_vals] [-1.354 ,  0.002 , -0.2817,  1.4156,  1.7687, -0.0841,  0.0766,  1.3576,  0.95  ]
[output] 0.1
[input_vals] [-1.354 ,  0.002 , -0.2817,  1.4156,  1.7955, -0.0027,  0.0128,  1.4484,  0.95  ]
[output] 0.19355671609184655
[input_vals] [-1.354 ,  0.002 , -0.2817,  1.4156,  1.6598, -0.0072,  0.0207,  1.3892,  0.95  ]
[output] 0.19696736207360038
[input_vals] [-1.354 ,  0.002 , -0.2817,  1.4156,  1.7279, -0.1613, -0.0291,  1.4385,  0.95  ]
[output] 0.1
[input_vals] [-1.354 ,  0.002 , -0.2817,  1.4156,  1.6689, -0.1599,  0.0682,  1.2838,  0.95  ]
[output] 0.20735452148516384
[input_vals] [-1.354 ,  0.002 , -0.2817,  1.4156,  1.6617, -0.1173, -0.0419,  1.2872,  0.95  ]
[output] 0.21506781420648977
[input_vals] [-1.354 ,  0.002 , -0.2817,  1.4156,  1.6354, -0.1223, -0.0426,  1.4294,  0.95  ]
[output] 0.2563857351049813
[input_vals] [-1.354 ,  0.002 , -0.2817,  1.4156,  1.7961, -0.0847,  0.0217,  1.339 ,  0.95  ]
[output] 0.15545025296269305
[input_vals] [-1.354 ,  0.002 , -0.2817,  1.4156,  1.6954, -0.0598, -0.1134,  1.4163,  0.95  ]
[output] 0.1
[input_vals] [-1.354 ,  0.002 , -0.2817,  1.4156,  1.7998, -0.0361,  0.0025,  1.423 ,  0.95  ]
[output] 0.19272652963767786
[input_vals] [-1.354 ,  0.002 , -0.2817,  1.4156,  1.8088, -0.0352, -0.1004,  1.4221,  0.95  ]
[output] 0.2403069258782517
[input_vals] [-1.354 ,  0.002 , -0.2817,  1.4156,  1.782 , -0.0096, -0.0247,  1.3177,  0.95  ]
[output] 0.1990870453474763
[input_vals] [-1.354 ,  0.002 , -0.2817,  1.4156,  1.7328, -0.0502, -0.0256,  1.4434,  0.95  ]
[output] 0.1
[input_vals] [-1.354 ,  0.002 , -0.2817,  1.4156,  1.7553, -0.1766,  0.0475,  1.4067,  0.95  ]
[output] 0.15411460905260052
[input_vals] [-1.354 ,  0.002 , -0.2817,  1.4156,  1.8058,  0.0161,  0.0683,  1.3853,  0.95  ]
[output] 0.19109779534715376
[input_vals] [-1.354 ,  0.002 , -0.2817,  1.4156,  1.8046, -0.0385,  0.0183,  1.4523,  0.95  ]
[output] 0.1832047042925532
[input_vals] [-1.354 ,  0.002 , -0.2817,  1.4156,  1.6654, -0.0137,  0.0208,  1.3744,  0.95  ]
[output] 0.18725556669246943
[input_vals] [-1.354 ,  0.002 , -0.2817,  1.4156,  1.7264, -0.0317, -0.0745,  1.3654,  0.95  ]
[output] 0.1
[input_vals] [-1.354 ,  0.002 , -0.2817,  1.4156,  1.7338, -0.0583,  0.0724,  1.2855,  0.95  ]
[output] 0.1
[input_vals] [-1.354 ,  0.002 , -0.2817,  1.4156,  1.6567, -0.012 ,  0.001 ,  1.4418,  0.95  ]
[output] 0.19731339977331158
[input_vals] [-1.354 ,  0.002 , -0.2817,  1.4156,  1.7492, -0.0066,  0.0761,  1.3554,  0.95  ]
[output] 0.1
[input_vals] [-1.354 ,  0.002 , -0.2817,  1.4156,  1.7609, -0.065 , -0.0093,  1.389 ,  0.95  ]
[output] 0.1433582115987181
[input_vals] [-1.354 ,  0.002 , -0.2817,  1.4156,  1.7931, -0.1803,  0.0443,  1.3158,  0.95  ]
[output] 0.1435224279424765
[input_vals] [-1.354 ,  0.002 , -0.2817,  1.4156,  1.7371, -0.0292,  0.0715,  1.4361,  0.95  ]
[output] 0.1
[input_vals] [-1.354 ,  0.002 , -0.2817,  1.4156,  1.713 ,  0.0101,  0.0782,  1.4517,  0.95  ]
[output] 0.1422658730698929
[input_vals] [-1.354 ,  0.002 , -0.2817,  1.4156,  1.6941, -0.0012,  0.0181,  1.3422,  0.95  ]
[output] 0.14500065436889092
[input_vals] [-1.354 ,  0.002 , -0.2817,  1.4156,  1.666 , -0.0264, -0.1015,  1.4577,  0.95  ]
[output] 0.16049114210964488
[input_vals] [-1.354 ,  0.002 , -0.2817,  1.4156,  1.7668, -0.066 , -0.0494,  1.3955,  0.95  ]
[output] 0.1652841867836518
[input_vals] [-1.354 ,  0.002 , -0.2817,  1.4156,  1.6493, -0.0023,  0.0379,  1.3817,  0.95  ]
[output] 0.21427930845505017
[input_vals] [-1.354 ,  0.002 , -0.2817,  1.4156,  1.7436, -0.1089, -0.0021,  1.4125,  0.95  ]
[output] 0.1
[input_vals] [-1.354 ,  0.002 , -0.2817,  1.4156,  1.6475, -0.0234, -0.1104,  1.3716,  0.95  ]
[output] 0.17352425425121615
[input_vals] [-1.354 ,  0.002 , -0.2817,  1.4156,  1.7609, -0.0785, -0.0335,  1.2992,  0.95  ]
[output] 0.14963208925749452
[input_vals] [-1.354 ,  0.002 , -0.2817,  1.4156,  1.6652, -0.0314, -0.0017,  1.3315,  0.95  ]
[output] 0.18351756356606275
[input_vals] [-1.354 ,  0.002 , -0.2817,  1.4156,  1.8057, -0.0863, -0.076 ,  1.4115,  0.95  ]
[output] 0.20548182366578244
[input_vals] [-1.354 ,  0.002 , -0.2817,  1.4156,  1.6719, -0.0632, -0.0864,  1.4266,  0.95  ]
[output] 0.1681504413926947
[input_vals] [-1.354 ,  0.002 , -0.2817,  1.4156,  1.7866, -0.1574, -0.0633,  1.4294,  0.95  ]
[output] 0.15287140098071506
[input_vals] [-1.354 ,  0.002 , -0.2817,  1.4156,  1.6944, -0.1739,  0.0011,  1.403 ,  0.95  ]
[output] 0.1978024610687637
[input_vals] [-1.354 ,  0.002 , -0.2817,  1.4156,  1.6897, -0.0802, -0.0718,  1.4606,  0.95  ]
[output] 0.1562372262655355
[input_vals] [-1.354 ,  0.002 , -0.2817,  1.4156,  1.6446, -0.0476, -0.039 ,  1.2789,  0.95  ]
[output] 0.212113500716917
[input_vals] [-1.354 ,  0.002 , -0.2817,  1.4156,  1.6466,  0.0121,  0.0789,  1.3498,  0.95  ]
[output] 0.23033115890225714
[input_vals] [-1.354 ,  0.002 , -0.2817,  1.4156,  1.7011, -0.1513, -0.1024,  1.3319,  0.95  ]
[output] 0.147077955621566
[input_vals] [-1.354 ,  0.002 , -0.2817,  1.4156,  1.7998, -0.0518,  0.0532,  1.3139,  0.95  ]
[output] 0.16009632665307383
[input_vals] [-1.354 ,  0.002 , -0.2817,  1.4156,  1.8   , -0.0871, -0.0393,  1.423 ,  0.95  ]
[output] 0.1853868233478814
[input_vals] [-1.354 ,  0.002 , -0.2817,  1.4156,  1.713 , -0.1266, -0.0049,  1.2891,  0.95  ]
[output] 0.15484735273385192
[input_vals] [-1.354 ,  0.002 , -0.2817,  1.4156,  1.7908, -0.0791, -0.0483,  1.3787,  0.95  ]
[output] 0.18455967824505937
[input_vals] [-1.354 ,  0.002 , -0.2817,  1.4156,  1.7115, -0.0684,  0.0579,  1.4575,  0.95  ]
[output] 0.16330832761752279
[input_vals] [-1.354 ,  0.002 , -0.2817,  1.4156,  1.6753, -0.1707, -0.0237,  1.2906,  0.95  ]
[output] 0.15191291846779093
[input_vals] [-1.354 ,  0.002 , -0.2817,  1.4156,  1.6928, -0.0329, -0.116 ,  1.4309,  0.95  ]
[output] 0.1
[input_vals] [-1.354 ,  0.002 , -0.2817,  1.4156,  1.709 , -0.0357, -0.0981,  1.3637,  0.95  ]
[output] 0.1
[input_vals] [-1.354 ,  0.002 , -0.2817,  1.4156,  1.7818, -0.0856, -0.0017,  1.3272,  0.95  ]
[output] 0.1529365666498952
[input_vals] [-1.354 ,  0.002 , -0.2817,  1.4156,  1.6807, -0.0885, -0.0987,  1.4367,  0.95  ]
[output] 0.1648434154837244
[input_vals] [-1.354 ,  0.002 , -0.2817,  1.4156,  1.7597, -0.0931,  0.0419,  1.3547,  0.95  ]
[output] 0.1
[input_vals] [-1.354 ,  0.002 , -0.2817,  1.4156,  1.7366, -0.0192,  0.0549,  1.3758,  0.95  ]
[output] 0.1
[input_vals] [-1.354 ,  0.002 , -0.2817,  1.4156,  1.6755, -0.1712, -0.0316,  1.4128,  0.95  ]
[output] 0.21368656408268244
[input_vals] [-1.354 ,  0.002 , -0.2817,  1.4156,  1.6626, -0.0178, -0.0214,  1.2854,  0.95  ]
[output] 0.1746290656938781
[input_vals] [-1.354 ,  0.002 , -0.2817,  1.4156,  1.8236,  0.017 ,  0.069 ,  1.4152,  0.95  ]
[output] 0.19772659775398477
[input_vals] [-1.354 ,  0.002 , -0.2817,  1.4156,  1.7124, -0.0563,  0.0295,  1.4172,  0.95  ]
[output] 0.14758592469590762
[input_vals] [-1.354 ,  0.002 , -0.2817,  1.4156,  1.7602, -0.0915,  0.0806,  1.3324,  0.95  ]
[output] 0.1
[input_vals] [-1.354 ,  0.002 , -0.2817,  1.4156,  1.6661, -0.1019, -0.0678,  1.4562,  0.95  ]
[output] 0.19989415118729564
[input_vals] [-1.354 ,  0.002 , -0.2817,  1.4156,  1.7003, -0.143 ,  0.053 ,  1.3789,  0.95  ]
[output] 0.20027141813483695
[input_vals] [-1.354 ,  0.002 , -0.2817,  1.4156,  1.648 , -0.0322, -0.047 ,  1.3944,  0.95  ]
[output] 0.1956483452621518
[input_vals] [-1.354 ,  0.002 , -0.2817,  1.4156,  1.8062,  0.0159,  0.0099,  1.4284,  0.95  ]
[output] 0.21672811783716714
[input_vals] [-1.354 ,  0.002 , -0.2817,  1.4156,  1.6662, -0.1241,  0.0403,  1.3979,  0.95  ]
[output] 0.23666387813932332
[input_vals] [-1.354 ,  0.002 , -0.2817,  1.4156,  1.689 , -0.0544, -0.0848,  1.336 ,  0.95  ]
[output] 0.1
[input_vals] [-1.354 ,  0.002 , -0.2817,  1.4156,  1.7123, -0.0839,  0.0206,  1.3175,  0.95  ]
[output] 0.1467530157073635
[input_vals] [-1.354 ,  0.002 , -0.2817,  1.4156,  1.7117, -0.0178,  0.0546,  1.4191,  0.95  ]
[output] 0.14468213779984335
[input_vals] [-1.354 ,  0.002 , -0.2817,  1.4156,  1.6863,  0.0167, -0.02  ,  1.3866,  0.95  ]
[output] 0.1
[input_vals] [-1.354 ,  0.002 , -0.2817,  1.4156,  1.7778, -0.043 ,  0.048 ,  1.4449,  0.95  ]
[output] 0.14257634433240204
[input_vals] [-1.354 ,  0.002 , -0.2817,  1.4156,  1.8104, -0.1017,  0.056 ,  1.283 ,  0.95  ]
[output] 0.1
[input_vals] [-1.354 ,  0.002 , -0.2817,  1.4156,  1.6682, -0.0974, -0.1044,  1.4732,  0.95  ]
[output] 0.18760946601424539
[input_vals] [-1.354 ,  0.002 , -0.2817,  1.4156,  1.7327, -0.0346, -0.0874,  1.4328,  0.95  ]
[output] 0.14846820306979525
[input_vals] [-1.354 ,  0.002 , -0.2817,  1.4156,  1.7507, -0.0411, -0.0709,  1.2907,  0.95  ]
[output] 0.16618453772574313
[input_vals] [-1.354 ,  0.002 , -0.2817,  1.4156,  1.6762, -0.0488, -0.0511,  1.3182,  0.95  ]
[output] 0.15796074652367215
[input_vals] [-1.354 ,  0.002 , -0.2817,  1.4156,  1.7976, -0.1008, -0.0679,  1.4389,  0.95  ]
[output] 0.19037241279949269
[input_vals] [-1.354 ,  0.002 , -0.2817,  1.4156,  1.7057, -0.1657,  0.0766,  1.3183,  0.95  ]
[output] 0.19971707756250456
[input_vals] [-1.354 ,  0.002 , -0.2817,  1.4156,  1.7846, -0.0913,  0.0464,  1.4251,  0.95  ]
[output] 0.1
[input_vals] [-1.354 ,  0.002 , -0.2817,  1.4156,  1.7283, -0.1421,  0.041 ,  1.4058,  0.95  ]
[output] 0.15503945027020893
[input_vals] [-1.354 ,  0.002 , -0.2817,  1.4156,  1.7694, -0.0818,  0.0799,  1.3546,  0.95  ]
[output] 0.1
[input_vals] [-1.354 ,  0.002 , -0.2817,  1.4156,  1.8237, -0.0563, -0.0304,  1.4456,  0.95  ]
[output] 0.2094701520672128
[input_vals] [-1.354 ,  0.002 , -0.2817,  1.4156,  1.8073, -0.1769, -0.0327,  1.4725,  0.95  ]
[output] 0.1422361382037832
[input_vals] [-1.354 ,  0.002 , -0.2817,  1.4156,  1.6374, -0.0912, -0.0932,  1.3416,  0.95  ]
[output] 0.22243864011485093
[input_vals] [-1.354 ,  0.002 , -0.2817,  1.4156,  1.7113, -0.0095,  0.0323,  1.4768,  0.95  ]
[output] 0.1
[input_vals] [-1.354 ,  0.002 , -0.2817,  1.4156,  1.7926, -0.0741, -0.0352,  1.4728,  0.95  ]
[output] 0.18078307053107642
[input_vals] [-1.354 ,  0.002 , -0.2817,  1.4156,  1.6801, -0.0575,  0.0084,  1.3939,  0.95  ]
[output] 0.17798588365122972
[input_vals] [-1.354 ,  0.002 , -0.2817,  1.4156,  1.7574, -0.116 , -0.0943,  1.4286,  0.95  ]
[output] 0.14751899849348885
[input_vals] [-1.354 ,  0.002 , -0.2817,  1.4156,  1.8033, -0.0583,  0.0674,  1.3333,  0.95  ]
[output] 0.14985294715355316
[input_vals] [-1.354 ,  0.002 , -0.2817,  1.4156,  1.7558, -0.0536,  0.0743,  1.4765,  0.95  ]
[output] 0.1
[input_vals] [-1.354 ,  0.002 , -0.2817,  1.4156,  1.6595, -0.0725, -0.0074,  1.2829,  0.95  ]
[output] 0.2111440368174202
[input_vals] [-1.354 ,  0.002 , -0.2817,  1.4156,  1.629 , -0.0086,  0.0483,  1.2832,  0.95  ]
[output] 0.2511819578148119
[input_vals] [-1.354 ,  0.002 , -0.2817,  1.4156,  1.8181, -0.0405, -0.0912,  1.283 ,  0.95  ]
[output] 0.24038601811062577
[input_vals] [-1.354 ,  0.002 , -0.2817,  1.4156,  1.6941, -0.1538,  0.0562,  1.4744,  0.95  ]
[output] 0.21754968345106598
[input_vals] [-1.354 ,  0.002 , -0.2817,  1.4156,  1.7729,  0.0102, -0.0717,  1.45  ,  0.95  ]
[output] 0.21041674154194562
[input_vals] [-1.354 ,  0.002 , -0.2817,  1.4156,  1.7805, -0.1115, -0.0403,  1.4335,  0.95  ]
[output] 0.1559882491789999
[input_vals] [-1.354 ,  0.002 , -0.2817,  1.4156,  1.7466, -0.0554, -0.0716,  1.2956,  0.95  ]
[output] 0.15449987783962998
[input_vals] [-1.354 ,  0.002 , -0.2817,  1.4156,  1.707 , -0.0118, -0.049 ,  1.3   ,  0.95  ]
[output] 0.1
[input_vals] [-1.354 ,  0.002 , -0.2817,  1.4156,  1.8215, -0.1428,  0.0552,  1.298 ,  0.95  ]
[output] 0.14721885707734808
[input_vals] [-1.354 ,  0.002 , -0.2817,  1.4156,  1.728 , -0.0353, -0.0928,  1.379 ,  0.95  ]
[output] 0.1468511145150651
[input_vals] [-1.354 ,  0.002 , -0.2817,  1.4156,  1.7309, -0.0303,  0.0661,  1.413 ,  0.95  ]
[output] 0.1
[input_vals] [-1.354 ,  0.002 , -0.2817,  1.4156,  1.7259, -0.0253, -0.0876,  1.4181,  0.95  ]
[output] 0.143985915884803
[input_vals] [-1.354 ,  0.002 , -0.2817,  1.4156,  1.8176,  0.0162,  0.0645,  1.4018,  0.95  ]
[output] 0.1966400971447645
[input_vals] [-1.354 ,  0.002 , -0.2817,  1.4156,  1.8173, -0.0957, -0.043 ,  1.2891,  0.95  ]
[output] 0.18466000478755373
[input_vals] [-1.354 ,  0.002 , -0.2817,  1.4156,  1.6436, -0.1815, -0.0407,  1.2996,  0.95  ]
[output] 0.212212772909679
[input_vals] [-1.354 ,  0.002 , -0.2817,  1.4156,  1.7365, -0.0698, -0.0348,  1.4426,  0.95  ]
[output] 0.1
[input_vals] [-1.354 ,  0.002 , -0.2817,  1.4156,  1.7551, -0.048 , -0.002 ,  1.2954,  0.95  ]
[output] 0.15298291928396401
[input_vals] [-1.354 ,  0.002 , -0.2817,  1.4156,  1.7157, -0.0427,  0.0362,  1.3154,  0.95  ]
[output] 0.1
[input_vals] [-1.354 ,  0.002 , -0.2817,  1.4156,  1.6894, -0.0176,  0.0168,  1.3356,  0.95  ]
[output] 0.1561902253200069
[input_vals] [-1.354 ,  0.002 , -0.2817,  1.4156,  1.6607, -0.1593, -0.0671,  1.3012,  0.95  ]
[output] 0.1
[input_vals] [-1.354 ,  0.002 , -0.2817,  1.4156,  1.6714, -0.0915,  0.083 ,  1.4717,  0.95  ]
[output] 0.2446987802202278
[input_vals] [-1.354 ,  0.002 , -0.2817,  1.4156,  1.7018, -0.1268, -0.1046,  1.3006,  0.95  ]
[output] 0.1
[input_vals] [-1.354 ,  0.002 , -0.2817,  1.4156,  1.7712, -0.112 , -0.1061,  1.451 ,  0.95  ]
[output] 0.16449982191945522
[input_vals] [-1.354 ,  0.002 , -0.2817,  1.4156,  1.7258,  0.0008, -0.0474,  1.3194,  0.95  ]
[output] 0.1
[input_vals] [-1.354 ,  0.002 , -0.2817,  1.4156,  1.6643, -0.0698,  0.0145,  1.2791,  0.95  ]
[output] 0.21345724048771125
[input_vals] [-1.354 ,  0.002 , -0.2817,  1.4156,  1.7102, -0.0305, -0.08  ,  1.4576,  0.95  ]
[output] 0.1
[input_vals] [-1.354 ,  0.002 , -0.2817,  1.4156,  1.8084, -0.1794, -0.0473,  1.3023,  0.95  ]
[output] 0.17724806310239716
[input_vals] [-1.354 ,  0.002 , -0.2817,  1.4156,  1.6906, -0.0932, -0.1049,  1.3732,  0.95  ]
[output] 0.1
[input_vals] [-1.354 ,  0.002 , -0.2817,  1.4156,  1.6857, -0.1688, -0.1063,  1.4388,  0.95  ]
[output] 0.1809715967381737
[input_vals] [-1.354 ,  0.002 , -0.2817,  1.4156,  1.7704, -0.0967,  0.0519,  1.2821,  0.95  ]
[output] 0.1
[input_vals] [-1.354 ,  0.002 , -0.2817,  1.4156,  1.6664, -0.0131,  0.0808,  1.2822,  0.95  ]
[output] 0.2125303952638668
[input_vals] [-1.354 ,  0.002 , -0.2817,  1.4156,  1.689 , -0.0132, -0.085 ,  1.3776,  0.95  ]
[output] 0.1
[input_vals] [-1.354 ,  0.002 , -0.2817,  1.4156,  1.6461, -0.1681,  0.0821,  1.2962,  0.95  ]
[output] 0.1969650523122759
[input_vals] [-1.354 ,  0.002 , -0.2817,  1.4156,  1.7733, -0.027 , -0.0194,  1.4572,  0.95  ]
[output] 0.17048893665721615
[input_vals] [-1.354 ,  0.002 , -0.2817,  1.4156,  1.8262, -0.1608, -0.0304,  1.306 ,  0.95  ]
[output] 0.16568864409580658
[input_vals] [-1.354 ,  0.002 , -0.2817,  1.4156,  1.7909, -0.097 , -0.0105,  1.384 ,  0.95  ]
[output] 0.1642178220745626
[input_vals] [-1.354 ,  0.002 , -0.2817,  1.4156,  1.7603, -0.1528, -0.0612,  1.3866,  0.95  ]
[output] 0.1
[input_vals] [-1.354 ,  0.002 , -0.2817,  1.4156,  1.8232, -0.0498, -0.0498,  1.3684,  0.95  ]
[output] 0.22180215314966395
[input_vals] [-1.354 ,  0.002 , -0.2817,  1.4156,  1.8157, -0.0591,  0.0287,  1.4144,  0.95  ]
[output] 0.17639883846496274
[input_vals] [-1.354 ,  0.002 , -0.2817,  1.4156,  1.7813, -0.1015, -0.0888,  1.3261,  0.95  ]
[output] 0.17619241772336142
[input_vals] [-1.354 ,  0.002 , -0.2817,  1.4156,  1.7803, -0.0802,  0.0754,  1.2905,  0.95  ]
[output] 0.1
[input_vals] [-1.354 ,  0.002 , -0.2817,  1.4156,  1.6796, -0.1225,  0.0729,  1.4464,  0.95  ]
[output] 0.23274026718426066
[input_vals] [-1.354 ,  0.002 , -0.2817,  1.4156,  1.6519, -0.0959, -0.0532,  1.3887,  0.95  ]
[output] 0.21809356724628337
[input_vals] [-1.354 ,  0.002 , -0.2817,  1.4156,  1.6824, -0.1014,  0.067 ,  1.3565,  0.95  ]
[output] 0.2184917868828562
[input_vals] [-1.354 ,  0.002 , -0.2817,  1.4156,  1.8072, -0.0801, -0.0301,  1.2828,  0.95  ]
[output] 0.18302377012106735
[input_vals] [-1.354 ,  0.002 , -0.2817,  1.4156,  1.7748, -0.1474, -0.0879,  1.3998,  0.95  ]
[output] 0.14857707955210778
[input_vals] [-1.354 ,  0.002 , -0.2817,  1.4156,  1.6951, -0.1522,  0.0138,  1.4454,  0.95  ]
[output] 0.19631906476857464
[input_vals] [-1.354 ,  0.002 , -0.2817,  1.4156,  1.7815, -0.0097,  0.0675,  1.3249,  0.95  ]
[output] 0.1542451209058839
[input_vals] [-1.354 ,  0.002 , -0.2817,  1.4156,  1.7046, -0.0148, -0.0846,  1.3391,  0.95  ]
[output] 0.1
[input_vals] [-1.354 ,  0.002 , -0.2817,  1.4156,  1.6426, -0.1591, -0.0315,  1.3599,  0.95  ]
[output] 0.2529383921156232
[input_vals] [-1.354 ,  0.002 , -0.2817,  1.4156,  1.811 , -0.0193, -0.0017,  1.4586,  0.95  ]
[output] 0.20507731592417772
[input_vals] [-1.354 ,  0.002 , -0.2817,  1.4156,  1.7204, -0.1411, -0.0177,  1.3554,  0.95  ]
[output] 0.15119003751585125
[input_vals] [-1.354 ,  0.002 , -0.2817,  1.4156,  1.8047, -0.1231, -0.0466,  1.4558,  0.95  ]
[output] 0.17061419921801194
[input_vals] [-1.354 ,  0.002 , -0.2817,  1.4156,  1.7799, -0.0666, -0.115 ,  1.357 ,  0.95  ]
[output] 0.205109555153987
[input_vals] [-1.354 ,  0.002 , -0.2817,  1.4156,  1.6642, -0.0923, -0.0729,  1.3497,  0.95  ]
[output] 0.1874511698121257
[input_vals] [-1.354 ,  0.002 , -0.2817,  1.4156,  1.6295, -0.1641,  0.034 ,  1.3391,  0.95  ]
[output] 0.2690990631943878
[input_vals] [-1.354 ,  0.002 , -0.2817,  1.4156,  1.7752, -0.1551,  0.0118,  1.426 ,  0.95  ]
[output] 0.1
[input_vals] [-1.354 ,  0.002 , -0.2817,  1.4156,  1.7522, -0.028 ,  0.0387,  1.4747,  0.95  ]
[output] 0.1
[input_vals] [-1.354 ,  0.002 , -0.2817,  1.4156,  1.6303,  0.0074, -0.0261,  1.3166,  0.95  ]
[output] 0.20877917025866904
[input_vals] [-1.354 ,  0.002 , -0.2817,  1.4156,  1.724 , -0.0118,  0.0695,  1.3096,  0.95  ]
[output] 0.1
[input_vals] [-1.354 ,  0.002 , -0.2817,  1.4156,  1.6611, -0.1455,  0.016 ,  1.3906,  0.95  ]
[output] 0.24205624707672455
[input_vals] [-1.354 ,  0.002 , -0.2817,  1.4156,  1.8124, -0.1637, -0.0874,  1.3026,  0.95  ]
[output] 0.15936289502792453
[input_vals] [-1.354 ,  0.002 , -0.2817,  1.4156,  1.6306, -0.0885, -0.0581,  1.2924,  0.95  ]
[output] 0.24582882552250138
[input_vals] [-1.354 ,  0.002 , -0.2817,  1.4156,  1.7217, -0.0556,  0.0091,  1.4628,  0.95  ]
[output] 0.1
[input_vals] [-1.354 ,  0.002 , -0.2817,  1.4156,  1.7335, -0.1161, -0.0936,  1.3202,  0.95  ]
[output] 0.1
[input_vals] [-1.354 ,  0.002 , -0.2817,  1.4156,  1.7191, -0.0752,  0.0067,  1.3805,  0.95  ]
[output] 0.1
[input_vals] [-1.354 ,  0.002 , -0.2817,  1.4156,  1.6687, -0.0038,  0.0549,  1.4773,  0.95  ]
[output] 0.21009169516480955
[input_vals] [-1.354 ,  0.002 , -0.2817,  1.4156,  1.6489, -0.1489, -0.0148,  1.389 ,  0.95  ]
[output] 0.2506384079330809
[input_vals] [-1.354 ,  0.002 , -0.2817,  1.4156,  1.6495, -0.1022,  0.017 ,  1.3806,  0.95  ]
[output] 0.24519312115795316
[input_vals] [-1.354 ,  0.002 , -0.2817,  1.4156,  1.6519,  0.0136, -0.0044,  1.3527,  0.95  ]
[output] 0.18330713390154407
[input_vals] [-1.354 ,  0.002 , -0.2817,  1.4156,  1.6571, -0.0844,  0.0336,  1.3353,  0.95  ]
[output] 0.23255676713893125
[input_vals] [-1.354 ,  0.002 , -0.2817,  1.4156,  1.6594, -0.0239, -0.0085,  1.4388,  0.95  ]
[output] 0.19445843246587502
[input_vals] [-1.354 ,  0.002 , -0.2817,  1.4156,  1.7157, -0.1628,  0.0152,  1.4739,  0.95  ]
[output] 0.1734678462554518
[input_vals] [-1.354 ,  0.002 , -0.2817,  1.4156,  1.6776, -0.1002, -0.0409,  1.4777,  0.95  ]
[output] 0.1957367038622645
[input_vals] [-1.354 ,  0.002 , -0.2817,  1.4156,  1.7737, -0.0074, -0.0264,  1.4613,  0.95  ]
[output] 0.18196614705922814
[input_vals] [-1.354 ,  0.002 , -0.2817,  1.4156,  1.7223, -0.0501,  0.075 ,  1.3417,  0.95  ]
[output] 0.14644164471956872
[input_vals] [-1.354 ,  0.002 , -0.2817,  1.4156,  1.768 , -0.1523, -0.1111,  1.3654,  0.95  ]
[output] 0.1446074443024694
[input_vals] [-1.354 ,  0.002 , -0.2817,  1.4156,  1.8074,  0.007 ,  0.079 ,  1.3606,  0.95  ]
[output] 0.18202070638452544
[input_vals] [-1.354 ,  0.002 , -0.2817,  1.4156,  1.7901, -0.0808, -0.0874,  1.3121,  0.95  ]
[output] 0.19482648499262634
[input_vals] [-1.354 ,  0.002 , -0.2817,  1.4156,  1.7588, -0.0782, -0.0333,  1.4311,  0.95  ]
[output] 0.1
[input_vals] [-1.354 ,  0.002 , -0.2817,  1.4156,  1.6905, -0.1734, -0.0009,  1.4426,  0.95  ]
[output] 0.20461995948937572
