[input_vals] [-1.354 ,  0.002 , -0.2817,  1.4156,  1.7279, -0.0817, -0.0163,  1.3788,  0.9783]
[output] 0.19975871038349535
[input_vals] [-1.354 ,  0.002 , -0.2817,  1.4156,  1.7279, -0.0817, -0.0163,  1.3788,  1.0388]
[output] 0.3928150887405154
[input_vals] [-1.354 ,  0.002 , -0.2817,  1.4156,  1.7279, -0.0817, -0.0163,  1.3788,  0.894 ]
[output] 0.25955929107693365
[input_vals] [-1.354 ,  0.002 , -0.2817,  1.4156,  1.7279, -0.0817, -0.0163,  1.3788,  1.0338]
[output] 0.3787741206437526
[input_vals] [-1.354 ,  0.002 , -0.2817,  1.4156,  1.7279, -0.0817, -0.0163,  1.3788,  0.9741]
[output] 0.18492940752082623
[input_vals] [-1.354 ,  0.002 , -0.2817,  1.4156,  1.7279, -0.0817, -0.0163,  1.3788,  0.912 ]
[output] 0.2110390806162436
[input_vals] [-1.354 ,  0.002 , -0.2817,  1.4156,  1.7279, -0.0817, -0.0163,  1.3788,  1.0248]
[output] 0.3527236774113002
[input_vals] [-1.354 ,  0.002 , -0.2817,  1.4156,  1.7279, -0.0817, -0.0163,  1.3788,  1.0227]
[output] 0.34651999742137546
[input_vals] [-1.354 ,  0.002 , -0.2817,  1.4156,  1.7279, -0.0817, -0.0163,  1.3788,  0.939 ]
[output] 0.1
[input_vals] [-1.354 ,  0.002 , -0.2817,  1.4156,  1.7279, -0.0817, -0.0163,  1.3788,  0.9374]
[output] 0.1434617191231365
[input_vals] [-1.354 ,  0.002 , -0.2817,  1.4156,  1.7279, -0.0817, -0.0163,  1.3788,  0.8932]
[output] 0.2620628801907599
[input_vals] [-1.354 ,  0.002 , -0.2817,  1.4156,  1.7279, -0.0817, -0.0163,  1.3788,  1.0292]
[output] 0.36559703959101186
[input_vals] [-1.354 ,  0.002 , -0.2817,  1.4156,  1.7279, -0.0817, -0.0163,  1.3788,  0.9605]
[output] 0.1505513579465982
[input_vals] [-1.354 ,  0.002 , -0.2817,  1.4156,  1.7279, -0.0817, -0.0163,  1.3788,  0.8682]
[output] 0.3495821832454345
[input_vals] [-1.354 ,  0.002 , -0.2817,  1.4156,  1.7279, -0.0817, -0.0163,  1.3788,  0.8896]
[output] 0.27405811846406447
[input_vals] [-1.354 ,  0.002 , -0.2817,  1.4156,  1.7279, -0.0817, -0.0163,  1.3788,  1.0083]
[output] 0.30274939713944543
[input_vals] [-1.354 ,  0.002 , -0.2817,  1.4156,  1.7279, -0.0817, -0.0163,  1.3788,  0.9476]
[output] 0.1
[input_vals] [-1.354 ,  0.002 , -0.2817,  1.4156,  1.7279, -0.0817, -0.0163,  1.3788,  0.9672]
[output] 0.16456186271895457
[input_vals] [-1.354 ,  0.002 , -0.2817,  1.4156,  1.7279, -0.0817, -0.0163,  1.3788,  0.9122]
[output] 0.21071267726691928
[input_vals] [-1.354 ,  0.002 , -0.2817,  1.4156,  1.7279, -0.0817, -0.0163,  1.3788,  0.9864]
[output] 0.23138044308442868
[input_vals] [-1.354 ,  0.002 , -0.2817,  1.4156,  1.7279, -0.0817, -0.0163,  1.3788,  0.8728]
[output] 0.33305697893112707
[input_vals] [-1.354 ,  0.002 , -0.2817,  1.4156,  1.7279, -0.0817, -0.0163,  1.3788,  0.8621]
[output] 0.37181659983871673
[input_vals] [-1.354 ,  0.002 , -0.2817,  1.4156,  1.7279, -0.0817, -0.0163,  1.3788,  0.97  ]
[output] 0.17221512899800234
[input_vals] [-1.354 ,  0.002 , -0.2817,  1.4156,  1.7279, -0.0817, -0.0163,  1.3788,  0.9734]
[output] 0.1827655161171428
[input_vals] [-1.354 ,  0.002 , -0.2817,  1.4156,  1.7279, -0.0817, -0.0163,  1.3788,  1.0417]
[output] 0.4006914605065225
[input_vals] [-1.354 ,  0.002 , -0.2817,  1.4156,  1.7279, -0.0817, -0.0163,  1.3788,  0.9769]
[output] 0.19462272723059654
[input_vals] [-1.354 ,  0.002 , -0.2817,  1.4156,  1.7279, -0.0817, -0.0163,  1.3788,  1.0186]
[output] 0.3344372842653144
[input_vals] [-1.354 ,  0.002 , -0.2817,  1.4156,  1.7279, -0.0817, -0.0163,  1.3788,  0.9981]
[output] 0.2701255923732382
[input_vals] [-1.354 ,  0.002 , -0.2817,  1.4156,  1.7279, -0.0817, -0.0163,  1.3788,  0.8675]
[output] 0.3519428196226876
[input_vals] [-1.354 ,  0.002 , -0.2817,  1.4156,  1.7279, -0.0817, -0.0163,  1.3788,  0.8577]
[output] 0.38769923321843747
[input_vals] [-1.354 ,  0.002 , -0.2817,  1.4156,  1.7279, -0.0817, -0.0163,  1.3788,  0.9494]
[output] 0.1
[input_vals] [-1.354 ,  0.002 , -0.2817,  1.4156,  1.7279, -0.0817, -0.0163,  1.3788,  0.8511]
[output] 0.41141229377045196
[input_vals] [-1.354 ,  0.002 , -0.2817,  1.4156,  1.7279, -0.0817, -0.0163,  1.3788,  1.0195]
[output] 0.3369651342297732
[input_vals] [-1.354 ,  0.002 , -0.2817,  1.4156,  1.7279, -0.0817, -0.0163,  1.3788,  1.0256]
[output] 0.355177399497697
[input_vals] [-1.354 ,  0.002 , -0.2817,  1.4156,  1.7279, -0.0817, -0.0163,  1.3788,  1.0005]
[output] 0.27796827079239483
[input_vals] [-1.354 ,  0.002 , -0.2817,  1.4156,  1.7279, -0.0817, -0.0163,  1.3788,  1.0489]
[output] 0.42032460954061335
[input_vals] [-1.354 ,  0.002 , -0.2817,  1.4156,  1.7279, -0.0817, -0.0163,  1.3788,  0.9533]
[output] 0.1
[input_vals] [-1.354 ,  0.002 , -0.2817,  1.4156,  1.7279, -0.0817, -0.0163,  1.3788,  0.8884]
[output] 0.27785460193295364
[input_vals] [-1.354 ,  0.002 , -0.2817,  1.4156,  1.7279, -0.0817, -0.0163,  1.3788,  0.9851]
[output] 0.22637313669358686
[input_vals] [-1.354 ,  0.002 , -0.2817,  1.4156,  1.7279, -0.0817, -0.0163,  1.3788,  0.9973]
[output] 0.2674018811000675
[input_vals] [-1.354 ,  0.002 , -0.2817,  1.4156,  1.7279, -0.0817, -0.0163,  1.3788,  0.877 ]
[output] 0.31784222171123944
[input_vals] [-1.354 ,  0.002 , -0.2817,  1.4156,  1.7279, -0.0817, -0.0163,  1.3788,  0.9645]
[output] 0.15811506980443196
[input_vals] [-1.354 ,  0.002 , -0.2817,  1.4156,  1.7279, -0.0817, -0.0163,  1.3788,  0.9578]
[output] 0.14647388046454504
[input_vals] [-1.354 ,  0.002 , -0.2817,  1.4156,  1.7279, -0.0817, -0.0163,  1.3788,  1.002 ]
[output] 0.28248238725574915
[input_vals] [-1.354 ,  0.002 , -0.2817,  1.4156,  1.7279, -0.0817, -0.0163,  1.3788,  0.9562]
[output] 0.14433922008367298
[input_vals] [-1.354 ,  0.002 , -0.2817,  1.4156,  1.7279, -0.0817, -0.0163,  1.3788,  0.998 ]
[output] 0.26978862562861794
[input_vals] [-1.354 ,  0.002 , -0.2817,  1.4156,  1.7279, -0.0817, -0.0163,  1.3788,  0.9107]
[output] 0.21358374403406186
[input_vals] [-1.354 ,  0.002 , -0.2817,  1.4156,  1.7279, -0.0817, -0.0163,  1.3788,  0.9175]
[output] 0.19975089213974007
[input_vals] [-1.354 ,  0.002 , -0.2817,  1.4156,  1.7279, -0.0817, -0.0163,  1.3788,  0.9878]
[output] 0.23662670713373554
[input_vals] [-1.354 ,  0.002 , -0.2817,  1.4156,  1.7279, -0.0817, -0.0163,  1.3788,  0.908 ]
[output] 0.21963780303043132
[input_vals] [-1.354 ,  0.002 , -0.2817,  1.4156,  1.7279, -0.0817, -0.0163,  1.3788,  0.8659]
[output] 0.3579980157626882
[input_vals] [-1.354 ,  0.002 , -0.2817,  1.4156,  1.7279, -0.0817, -0.0163,  1.3788,  0.9376]
[output] 0.14312171634589027
[input_vals] [-1.354 ,  0.002 , -0.2817,  1.4156,  1.7279, -0.0817, -0.0163,  1.3788,  0.9342]
[output] 0.14921179990023986
[input_vals] [-1.354 ,  0.002 , -0.2817,  1.4156,  1.7279, -0.0817, -0.0163,  1.3788,  0.9513]
[output] 0.1
[input_vals] [-1.354 ,  0.002 , -0.2817,  1.4156,  1.7279, -0.0817, -0.0163,  1.3788,  0.9638]
[output] 0.15673944965940353
[input_vals] [-1.354 ,  0.002 , -0.2817,  1.4156,  1.7279, -0.0817, -0.0163,  1.3788,  1.0054]
[output] 0.29332634654022166
[input_vals] [-1.354 ,  0.002 , -0.2817,  1.4156,  1.7279, -0.0817, -0.0163,  1.3788,  1.0439]
[output] 0.4068045338968507
[input_vals] [-1.354 ,  0.002 , -0.2817,  1.4156,  1.7279, -0.0817, -0.0163,  1.3788,  0.8785]
[output] 0.31231195174233
[input_vals] [-1.354 ,  0.002 , -0.2817,  1.4156,  1.7279, -0.0817, -0.0163,  1.3788,  0.972 ]
[output] 0.17831161486652158
[input_vals] [-1.354 ,  0.002 , -0.2817,  1.4156,  1.7279, -0.0817, -0.0163,  1.3788,  0.972 ]
[output] 0.17812480902699374
[input_vals] [-1.354 ,  0.002 , -0.2817,  1.4156,  1.7279, -0.0817, -0.0163,  1.3788,  1.008 ]
[output] 0.3015002994653717
[input_vals] [-1.354 ,  0.002 , -0.2817,  1.4156,  1.7279, -0.0817, -0.0163,  1.3788,  0.9689]
[output] 0.1691578078838033
[input_vals] [-1.354 ,  0.002 , -0.2817,  1.4156,  1.7279, -0.0817, -0.0163,  1.3788,  1.0413]
[output] 0.39984515759546346
[input_vals] [-1.354 ,  0.002 , -0.2817,  1.4156,  1.7279, -0.0817, -0.0163,  1.3788,  0.9044]
[output] 0.22863993496500823
[input_vals] [-1.354 ,  0.002 , -0.2817,  1.4156,  1.7279, -0.0817, -0.0163,  1.3788,  0.857 ]
[output] 0.39023516730445196
[input_vals] [-1.354 ,  0.002 , -0.2817,  1.4156,  1.7279, -0.0817, -0.0163,  1.3788,  1.0087]
[output] 0.3039757688681108
[input_vals] [-1.354 ,  0.002 , -0.2817,  1.4156,  1.7279, -0.0817, -0.0163,  1.3788,  0.9448]
[output] 0.1
[input_vals] [-1.354 ,  0.002 , -0.2817,  1.4156,  1.7279, -0.0817, -0.0163,  1.3788,  0.951 ]
[output] 0.1
[input_vals] [-1.354 ,  0.002 , -0.2817,  1.4156,  1.7279, -0.0817, -0.0163,  1.3788,  0.9427]
[output] 0.1
[input_vals] [-1.354 ,  0.002 , -0.2817,  1.4156,  1.7279, -0.0817, -0.0163,  1.3788,  0.9609]
[output] 0.15116119737438277
[input_vals] [-1.354 ,  0.002 , -0.2817,  1.4156,  1.7279, -0.0817, -0.0163,  1.3788,  0.8919]
[output] 0.2662542810133859
[input_vals] [-1.354 ,  0.002 , -0.2817,  1.4156,  1.7279, -0.0817, -0.0163,  1.3788,  0.9911]
[output] 0.2471951381460045
[input_vals] [-1.354 ,  0.002 , -0.2817,  1.4156,  1.7279, -0.0817, -0.0163,  1.3788,  1.0443]
[output] 0.40797530868898657
[input_vals] [-1.354 ,  0.002 , -0.2817,  1.4156,  1.7279, -0.0817, -0.0163,  1.3788,  0.8893]
[output] 0.2750246810987265
[input_vals] [-1.354 ,  0.002 , -0.2817,  1.4156,  1.7279, -0.0817, -0.0163,  1.3788,  0.9745]
[output] 0.1864674392383609
[input_vals] [-1.354 ,  0.002 , -0.2817,  1.4156,  1.7279, -0.0817, -0.0163,  1.3788,  1.005 ]
[output] 0.29206764292105114
[input_vals] [-1.354 ,  0.002 , -0.2817,  1.4156,  1.7279, -0.0817, -0.0163,  1.3788,  1.0264]
[output] 0.35757898222154416
[input_vals] [-1.354 ,  0.002 , -0.2817,  1.4156,  1.7279, -0.0817, -0.0163,  1.3788,  1.0407]
[output] 0.3980541163752018
[input_vals] [-1.354 ,  0.002 , -0.2817,  1.4156,  1.7279, -0.0817, -0.0163,  1.3788,  1.0142]
[output] 0.3210477692852417
[input_vals] [-1.354 ,  0.002 , -0.2817,  1.4156,  1.7279, -0.0817, -0.0163,  1.3788,  1.0218]
[output] 0.3439102483241444
[input_vals] [-1.354 ,  0.002 , -0.2817,  1.4156,  1.7279, -0.0817, -0.0163,  1.3788,  0.8891]
[output] 0.27548858585635794
[input_vals] [-1.354 ,  0.002 , -0.2817,  1.4156,  1.7279, -0.0817, -0.0163,  1.3788,  0.8964]
[output] 0.2518326296455294
[input_vals] [-1.354 ,  0.002 , -0.2817,  1.4156,  1.7279, -0.0817, -0.0163,  1.3788,  0.9326]
[output] 0.15276744337912126
[input_vals] [-1.354 ,  0.002 , -0.2817,  1.4156,  1.7279, -0.0817, -0.0163,  1.3788,  0.8527]
[output] 0.40560914535508574
[input_vals] [-1.354 ,  0.002 , -0.2817,  1.4156,  1.7279, -0.0817, -0.0163,  1.3788,  0.9627]
[output] 0.1543972289636525
[input_vals] [-1.354 ,  0.002 , -0.2817,  1.4156,  1.7279, -0.0817, -0.0163,  1.3788,  1.0001]
[output] 0.27637904067507946
[input_vals] [-1.354 ,  0.002 , -0.2817,  1.4156,  1.7279, -0.0817, -0.0163,  1.3788,  0.9216]
[output] 0.1853032548995033
[input_vals] [-1.354 ,  0.002 , -0.2817,  1.4156,  1.7279, -0.0817, -0.0163,  1.3788,  0.8778]
[output] 0.3149068372599605
[input_vals] [-1.354 ,  0.002 , -0.2817,  1.4156,  1.7279, -0.0817, -0.0163,  1.3788,  1.0364]
[output] 0.38603392284749916
[input_vals] [-1.354 ,  0.002 , -0.2817,  1.4156,  1.7279, -0.0817, -0.0163,  1.3788,  0.981 ]
[output] 0.20995477413562202
[input_vals] [-1.354 ,  0.002 , -0.2817,  1.4156,  1.7279, -0.0817, -0.0163,  1.3788,  0.9344]
[output] 0.1489489991925648
[input_vals] [-1.354 ,  0.002 , -0.2817,  1.4156,  1.7279, -0.0817, -0.0163,  1.3788,  0.9844]
[output] 0.22337923330121995
[input_vals] [-1.354 ,  0.002 , -0.2817,  1.4156,  1.7279, -0.0817, -0.0163,  1.3788,  0.8644]
[output] 0.3634539860643863
[input_vals] [-1.354 ,  0.002 , -0.2817,  1.4156,  1.7279, -0.0817, -0.0163,  1.3788,  0.9447]
[output] 0.1
[input_vals] [-1.354 ,  0.002 , -0.2817,  1.4156,  1.7279, -0.0817, -0.0163,  1.3788,  1.0101]
[output] 0.3082835498792046
[input_vals] [-1.354 ,  0.002 , -0.2817,  1.4156,  1.7279, -0.0817, -0.0163,  1.3788,  0.8798]
[output] 0.3077497856554622
[input_vals] [-1.354 ,  0.002 , -0.2817,  1.4156,  1.7279, -0.0817, -0.0163,  1.3788,  0.9779]
[output] 0.19809947766252262
[input_vals] [-1.354 ,  0.002 , -0.2817,  1.4156,  1.7279, -0.0817, -0.0163,  1.3788,  0.9737]
[output] 0.1837793513878567
[input_vals] [-1.354 ,  0.002 , -0.2817,  1.4156,  1.7279, -0.0817, -0.0163,  1.3788,  0.9716]
[output] 0.17692992560751564
[input_vals] [-1.354 ,  0.002 , -0.2817,  1.4156,  1.7279, -0.0817, -0.0163,  1.3788,  0.8914]
[output] 0.26781438578003147
[input_vals] [-1.354 ,  0.002 , -0.2817,  1.4156,  1.7279, -0.0817, -0.0163,  1.3788,  1.0054]
[output] 0.2935708534124839
[input_vals] [-1.354 ,  0.002 , -0.2817,  1.4156,  1.7279, -0.0817, -0.0163,  1.3788,  1.0002]
[output] 0.2768803194582547
[input_vals] [-1.354 ,  0.002 , -0.2817,  1.4156,  1.7279, -0.0817, -0.0163,  1.3788,  0.9063]
[output] 0.223836530041586
[input_vals] [-1.354 ,  0.002 , -0.2817,  1.4156,  1.7279, -0.0817, -0.0163,  1.3788,  1.0123]
[output] 0.31491560151441655
[input_vals] [-1.354 ,  0.002 , -0.2817,  1.4156,  1.7279, -0.0817, -0.0163,  1.3788,  0.8847]
[output] 0.29058607656814717
[input_vals] [-1.354 ,  0.002 , -0.2817,  1.4156,  1.7279, -0.0817, -0.0163,  1.3788,  0.8773]
[output] 0.31675495104152596
[input_vals] [-1.354 ,  0.002 , -0.2817,  1.4156,  1.7279, -0.0817, -0.0163,  1.3788,  0.8607]
[output] 0.3766466093701333
[input_vals] [-1.354 ,  0.002 , -0.2817,  1.4156,  1.7279, -0.0817, -0.0163,  1.3788,  0.969 ]
[output] 0.16939616592907297
[input_vals] [-1.354 ,  0.002 , -0.2817,  1.4156,  1.7279, -0.0817, -0.0163,  1.3788,  0.9054]
[output] 0.22611661992003565
[input_vals] [-1.354 ,  0.002 , -0.2817,  1.4156,  1.7279, -0.0817, -0.0163,  1.3788,  0.9693]
[output] 0.17035352790031716
[input_vals] [-1.354 ,  0.002 , -0.2817,  1.4156,  1.7279, -0.0817, -0.0163,  1.3788,  0.933 ]
[output] 0.1519868433991005
[input_vals] [-1.354 ,  0.002 , -0.2817,  1.4156,  1.7279, -0.0817, -0.0163,  1.3788,  0.8766]
[output] 0.3191465544549868
[input_vals] [-1.354 ,  0.002 , -0.2817,  1.4156,  1.7279, -0.0817, -0.0163,  1.3788,  0.9209]
[output] 0.1876755737296128
[input_vals] [-1.354 ,  0.002 , -0.2817,  1.4156,  1.7279, -0.0817, -0.0163,  1.3788,  1.0178]
[output] 0.33182656926381227
[input_vals] [-1.354 ,  0.002 , -0.2817,  1.4156,  1.7279, -0.0817, -0.0163,  1.3788,  0.9941]
[output] 0.25696272989341185
[input_vals] [-1.354 ,  0.002 , -0.2817,  1.4156,  1.7279, -0.0817, -0.0163,  1.3788,  0.8823]
[output] 0.2989174998227572
[input_vals] [-1.354 ,  0.002 , -0.2817,  1.4156,  1.7279, -0.0817, -0.0163,  1.3788,  1.0116]
[output] 0.3129389367324748
[input_vals] [-1.354 ,  0.002 , -0.2817,  1.4156,  1.7279, -0.0817, -0.0163,  1.3788,  0.9417]
[output] 0.1
[input_vals] [-1.354 ,  0.002 , -0.2817,  1.4156,  1.7279, -0.0817, -0.0163,  1.3788,  0.8857]
[output] 0.2871978083383065
[input_vals] [-1.354 ,  0.002 , -0.2817,  1.4156,  1.7279, -0.0817, -0.0163,  1.3788,  0.8622]
[output] 0.37111398784143224
[input_vals] [-1.354 ,  0.002 , -0.2817,  1.4156,  1.7279, -0.0817, -0.0163,  1.3788,  1.0467]
[output] 0.41431971157425496
[input_vals] [-1.354 ,  0.002 , -0.2817,  1.4156,  1.7279, -0.0817, -0.0163,  1.3788,  1.0017]
[output] 0.2815214336399936
[input_vals] [-1.354 ,  0.002 , -0.2817,  1.4156,  1.7279, -0.0817, -0.0163,  1.3788,  0.8991]
[output] 0.24363576103762452
[input_vals] [-1.354 ,  0.002 , -0.2817,  1.4156,  1.7279, -0.0817, -0.0163,  1.3788,  0.881 ]
[output] 0.30351585144752863
[input_vals] [-1.354 ,  0.002 , -0.2817,  1.4156,  1.7279, -0.0817, -0.0163,  1.3788,  0.9818]
[output] 0.21307267072953057
[input_vals] [-1.354 ,  0.002 , -0.2817,  1.4156,  1.7279, -0.0817, -0.0163,  1.3788,  0.9152]
[output] 0.2054862091187939
[input_vals] [-1.354 ,  0.002 , -0.2817,  1.4156,  1.7279, -0.0817, -0.0163,  1.3788,  0.9187]
[output] 0.1953878681220222
[input_vals] [-1.354 ,  0.002 , -0.2817,  1.4156,  1.7279, -0.0817, -0.0163,  1.3788,  0.8723]
[output] 0.33487279130925307
[input_vals] [-1.354 ,  0.002 , -0.2817,  1.4156,  1.7279, -0.0817, -0.0163,  1.3788,  1.0496]
[output] 0.42191939137375967
[input_vals] [-1.354 ,  0.002 , -0.2817,  1.4156,  1.7279, -0.0817, -0.0163,  1.3788,  1.0412]
[output] 0.3995368222685949
[input_vals] [-1.354 ,  0.002 , -0.2817,  1.4156,  1.7279, -0.0817, -0.0163,  1.3788,  1.0299]
[output] 0.36757699513708275
[input_vals] [-1.354 ,  0.002 , -0.2817,  1.4156,  1.7279, -0.0817, -0.0163,  1.3788,  1.0199]
[output] 0.33825847922886165
[input_vals] [-1.354 ,  0.002 , -0.2817,  1.4156,  1.7279, -0.0817, -0.0163,  1.3788,  0.8654]
[output] 0.3596548912880485
[input_vals] [-1.354 ,  0.002 , -0.2817,  1.4156,  1.7279, -0.0817, -0.0163,  1.3788,  0.923 ]
[output] 0.1807257532659854
[input_vals] [-1.354 ,  0.002 , -0.2817,  1.4156,  1.7279, -0.0817, -0.0163,  1.3788,  0.9446]
[output] 0.1
[input_vals] [-1.354 ,  0.002 , -0.2817,  1.4156,  1.7279, -0.0817, -0.0163,  1.3788,  1.0353]
[output] 0.383042440386245
[input_vals] [-1.354 ,  0.002 , -0.2817,  1.4156,  1.7279, -0.0817, -0.0163,  1.3788,  0.8952]
[output] 0.25560032592348314
[input_vals] [-1.354 ,  0.002 , -0.2817,  1.4156,  1.7279, -0.0817, -0.0163,  1.3788,  0.9713]
[output] 0.1759867683457929
[input_vals] [-1.354 ,  0.002 , -0.2817,  1.4156,  1.7279, -0.0817, -0.0163,  1.3788,  0.9216]
[output] 0.18537185538664314
[input_vals] [-1.354 ,  0.002 , -0.2817,  1.4156,  1.7279, -0.0817, -0.0163,  1.3788,  0.9165]
[output] 0.20348180334822236
[input_vals] [-1.354 ,  0.002 , -0.2817,  1.4156,  1.7279, -0.0817, -0.0163,  1.3788,  0.8748]
[output] 0.3257518852526681
[input_vals] [-1.354 ,  0.002 , -0.2817,  1.4156,  1.7279, -0.0817, -0.0163,  1.3788,  0.937 ]
[output] 0.14411276655455096
[input_vals] [-1.354 ,  0.002 , -0.2817,  1.4156,  1.7279, -0.0817, -0.0163,  1.3788,  0.9954]
[output] 0.2612222511014744
[input_vals] [-1.354 ,  0.002 , -0.2817,  1.4156,  1.7279, -0.0817, -0.0163,  1.3788,  0.9513]
[output] 0.1
[input_vals] [-1.354 ,  0.002 , -0.2817,  1.4156,  1.7279, -0.0817, -0.0163,  1.3788,  0.8545]
[output] 0.3992214420468193
[input_vals] [-1.354 ,  0.002 , -0.2817,  1.4156,  1.7279, -0.0817, -0.0163,  1.3788,  0.9141]
[output] 0.207186375369047
[input_vals] [-1.354 ,  0.002 , -0.2817,  1.4156,  1.7279, -0.0817, -0.0163,  1.3788,  1.0219]
[output] 0.3442165925707613
[input_vals] [-1.354 ,  0.002 , -0.2817,  1.4156,  1.7279, -0.0817, -0.0163,  1.3788,  1.0472]
[output] 0.4156530666540965
[input_vals] [-1.354 ,  0.002 , -0.2817,  1.4156,  1.7279, -0.0817, -0.0163,  1.3788,  0.9981]
[output] 0.27021692232387695
[input_vals] [-1.354 ,  0.002 , -0.2817,  1.4156,  1.7279, -0.0817, -0.0163,  1.3788,  0.9795]
[output] 0.20410463083954006
[input_vals] [-1.354 ,  0.002 , -0.2817,  1.4156,  1.7279, -0.0817, -0.0163,  1.3788,  0.951 ]
[output] 0.1
[input_vals] [-1.354 ,  0.002 , -0.2817,  1.4156,  1.7279, -0.0817, -0.0163,  1.3788,  0.8734]
[output] 0.33076858839500267
[input_vals] [-1.354 ,  0.002 , -0.2817,  1.4156,  1.7279, -0.0817, -0.0163,  1.3788,  0.9844]
[output] 0.2231632276756505
[input_vals] [-1.354 ,  0.002 , -0.2817,  1.4156,  1.7279, -0.0817, -0.0163,  1.3788,  0.8521]
[output] 0.4075884091745826
[input_vals] [-1.354 ,  0.002 , -0.2817,  1.4156,  1.7279, -0.0817, -0.0163,  1.3788,  0.9399]
[output] 0.1
[input_vals] [-1.354 ,  0.002 , -0.2817,  1.4156,  1.7279, -0.0817, -0.0163,  1.3788,  1.0475]
[output] 0.41645717806491245
[input_vals] [-1.354 ,  0.002 , -0.2817,  1.4156,  1.7279, -0.0817, -0.0163,  1.3788,  0.8948]
[output] 0.25677525312271793
[input_vals] [-1.354 ,  0.002 , -0.2817,  1.4156,  1.7279, -0.0817, -0.0163,  1.3788,  0.8946]
[output] 0.2576276266545585
[input_vals] [-1.354 ,  0.002 , -0.2817,  1.4156,  1.7279, -0.0817, -0.0163,  1.3788,  0.9771]
[output] 0.1952460912653258
[input_vals] [-1.354 ,  0.002 , -0.2817,  1.4156,  1.7279, -0.0817, -0.0163,  1.3788,  0.9684]
[output] 0.1676761084177829
[input_vals] [-1.354 ,  0.002 , -0.2817,  1.4156,  1.7279, -0.0817, -0.0163,  1.3788,  0.8525]
[output] 0.4064192462365177
[input_vals] [-1.354 ,  0.002 , -0.2817,  1.4156,  1.7279, -0.0817, -0.0163,  1.3788,  0.9897]
[output] 0.24277857484789206
[input_vals] [-1.354 ,  0.002 , -0.2817,  1.4156,  1.7279, -0.0817, -0.0163,  1.3788,  1.0292]
[output] 0.36550550165085194
[input_vals] [-1.354 ,  0.002 , -0.2817,  1.4156,  1.7279, -0.0817, -0.0163,  1.3788,  1.0466]
[output] 0.4140300684907038
[input_vals] [-1.354 ,  0.002 , -0.2817,  1.4156,  1.7279, -0.0817, -0.0163,  1.3788,  0.9074]
[output] 0.22117132470358897
[input_vals] [-1.354 ,  0.002 , -0.2817,  1.4156,  1.7279, -0.0817, -0.0163,  1.3788,  0.9819]
[output] 0.2133811007733834
[input_vals] [-1.354 ,  0.002 , -0.2817,  1.4156,  1.7279, -0.0817, -0.0163,  1.3788,  0.9981]
[output] 0.27014180228577594
[input_vals] [-1.354 ,  0.002 , -0.2817,  1.4156,  1.7279, -0.0817, -0.0163,  1.3788,  0.9542]
[output] 0.1
[input_vals] [-1.354 ,  0.002 , -0.2817,  1.4156,  1.7279, -0.0817, -0.0163,  1.3788,  0.8664]
[output] 0.3559086912618291
[input_vals] [-1.354 ,  0.002 , -0.2817,  1.4156,  1.7279, -0.0817, -0.0163,  1.3788,  0.9906]
[output] 0.24581453229120517
[input_vals] [-1.354 ,  0.002 , -0.2817,  1.4156,  1.7279, -0.0817, -0.0163,  1.3788,  1.011 ]
[output] 0.3110218621141663
[input_vals] [-1.354 ,  0.002 , -0.2817,  1.4156,  1.7279, -0.0817, -0.0163,  1.3788,  0.8789]
[output] 0.31097038375243463
[input_vals] [-1.354 ,  0.002 , -0.2817,  1.4156,  1.7279, -0.0817, -0.0163,  1.3788,  0.8507]
[output] 0.41283519026703086
[input_vals] [-1.354 ,  0.002 , -0.2817,  1.4156,  1.7279, -0.0817, -0.0163,  1.3788,  0.9193]
[output] 0.19327431472442497
[input_vals] [-1.354 ,  0.002 , -0.2817,  1.4156,  1.7279, -0.0817, -0.0163,  1.3788,  0.9791]
[output] 0.20262790813486492
[input_vals] [-1.354 ,  0.002 , -0.2817,  1.4156,  1.7279, -0.0817, -0.0163,  1.3788,  0.9879]
[output] 0.236846078588946
[input_vals] [-1.354 ,  0.002 , -0.2817,  1.4156,  1.7279, -0.0817, -0.0163,  1.3788,  0.8589]
[output] 0.3832957899146233
[input_vals] [-1.354 ,  0.002 , -0.2817,  1.4156,  1.7279, -0.0817, -0.0163,  1.3788,  0.8939]
[output] 0.2598346761354217
[input_vals] [-1.354 ,  0.002 , -0.2817,  1.4156,  1.7279, -0.0817, -0.0163,  1.3788,  1.0468]
[output] 0.41466152173995896
[input_vals] [-1.354 ,  0.002 , -0.2817,  1.4156,  1.7279, -0.0817, -0.0163,  1.3788,  0.9536]
[output] 0.1
[input_vals] [-1.354 ,  0.002 , -0.2817,  1.4156,  1.7279, -0.0817, -0.0163,  1.3788,  0.8777]
[output] 0.315337524899202
[input_vals] [-1.354 ,  0.002 , -0.2817,  1.4156,  1.7279, -0.0817, -0.0163,  1.3788,  0.9077]
[output] 0.22041556590121686
[input_vals] [-1.354 ,  0.002 , -0.2817,  1.4156,  1.7279, -0.0817, -0.0163,  1.3788,  0.9399]
[output] 0.1
[input_vals] [-1.354 ,  0.002 , -0.2817,  1.4156,  1.7279, -0.0817, -0.0163,  1.3788,  0.9385]
[output] 0.1
[input_vals] [-1.354 ,  0.002 , -0.2817,  1.4156,  1.7279, -0.0817, -0.0163,  1.3788,  0.9612]
[output] 0.1517006196505541
[input_vals] [-1.354 ,  0.002 , -0.2817,  1.4156,  1.7279, -0.0817, -0.0163,  1.3788,  0.8918]
[output] 0.26649314819352515
[input_vals] [-1.354 ,  0.002 , -0.2817,  1.4156,  1.7279, -0.0817, -0.0163,  1.3788,  1.0211]
[output] 0.34179060357417124
[input_vals] [-1.354 ,  0.002 , -0.2817,  1.4156,  1.7279, -0.0817, -0.0163,  1.3788,  0.8859]
[output] 0.28654715839317824
[input_vals] [-1.354 ,  0.002 , -0.2817,  1.4156,  1.7279, -0.0817, -0.0163,  1.3788,  0.8663]
[output] 0.3563890921378734
[input_vals] [-1.354 ,  0.002 , -0.2817,  1.4156,  1.7279, -0.0817, -0.0163,  1.3788,  1.0481]
[output] 0.418086755430658
[input_vals] [-1.354 ,  0.002 , -0.2817,  1.4156,  1.7279, -0.0817, -0.0163,  1.3788,  0.9808]
[output] 0.20882183066873894
[input_vals] [-1.354 ,  0.002 , -0.2817,  1.4156,  1.7279, -0.0817, -0.0163,  1.3788,  1.017 ]
[output] 0.3296232592090322
[input_vals] [-1.354 ,  0.002 , -0.2817,  1.4156,  1.7279, -0.0817, -0.0163,  1.3788,  1.0115]
[output] 0.31254091892420466
[input_vals] [-1.354 ,  0.002 , -0.2817,  1.4156,  1.7279, -0.0817, -0.0163,  1.3788,  0.934 ]
[output] 0.149696931609511
[input_vals] [-1.354 ,  0.002 , -0.2817,  1.4156,  1.7279, -0.0817, -0.0163,  1.3788,  1.0086]
[output] 0.30368312268878456
[input_vals] [-1.354 ,  0.002 , -0.2817,  1.4156,  1.7279, -0.0817, -0.0163,  1.3788,  0.8883]
[output] 0.27829687541166376
[input_vals] [-1.354 ,  0.002 , -0.2817,  1.4156,  1.7279, -0.0817, -0.0163,  1.3788,  0.8547]
[output] 0.39818400506873186
[input_vals] [-1.354 ,  0.002 , -0.2817,  1.4156,  1.7279, -0.0817, -0.0163,  1.3788,  0.8686]
[output] 0.34827473617519955
[input_vals] [-1.354 ,  0.002 , -0.2817,  1.4156,  1.7279, -0.0817, -0.0163,  1.3788,  0.911 ]
[output] 0.21306172637232876
[input_vals] [-1.354 ,  0.002 , -0.2817,  1.4156,  1.7279, -0.0817, -0.0163,  1.3788,  0.8796]
[output] 0.30851565775730805
