[input_vals] [-0.9425, -0.1164, -0.3491,  1.4137,  1.6389, -0.4415,  0.0015,  1.009 ,  0.5833]
[output] 0.33101852257198167
[input_vals] [-0.9425, -0.1164, -0.3491,  1.4137,  1.7834, -0.2864, -0.0127,  1.0731,  0.5833]
[output] 0.20892547123325167
[input_vals] [-0.9425, -0.1164, -0.3491,  1.4137,  1.6359, -0.407 ,  0.0903,  1.0755,  0.5833]
[output] 0.32289338593640526
[input_vals] [-0.9425, -0.1164, -0.3491,  1.4137,  1.8251, -0.3679, -0.0396,  1.0777,  0.5833]
[output] 0.33112796547104395
[input_vals] [-0.9425, -0.1164, -0.3491,  1.4137,  1.7022, -0.4091,  0.0627,  1.057 ,  0.5833]
[output] 0.11169441763507607
[input_vals] [-0.9425, -0.1164, -0.3491,  1.4137,  1.7036, -0.2542,  0.0392,  1.043 ,  0.5833]
[output] 0.09410576528191494
[input_vals] [-0.9425, -0.1164, -0.3491,  1.4137,  1.7366, -0.448 , -0.0635,  1.1804,  0.5833]
[output] 0.0875140284671781
[input_vals] [-0.9425, -0.1164, -0.3491,  1.4137,  1.8261, -0.375 , -0.083 ,  1.1624,  0.5833]
[output] 0.34628478495789383
[input_vals] [-0.9425, -0.1164, -0.3491,  1.4137,  1.7236, -0.2778, -0.0795,  1.1854,  0.5833]
[output] 0.11214438318281666
[input_vals] [-0.9425, -0.1164, -0.3491,  1.4137,  1.6906, -0.4254,  0.0072,  1.1186,  0.5833]
[output] 0.11883977908086794
[input_vals] [-0.9425, -0.1164, -0.3491,  1.4137,  1.6658, -0.3015,  0.0885,  1.0207,  0.5833]
[output] 0.22669210631172226
[input_vals] [-0.9425, -0.1164, -0.3491,  1.4137,  1.6502, -0.2623, -0.0711,  1.1906,  0.5833]
[output] 0.36506026948448506
[input_vals] [-0.9425, -0.1164, -0.3491,  1.4137,  1.8021, -0.394 ,  0.0155,  1.1713,  0.5833]
[output] 0.27985133423481157
[input_vals] [-0.9425, -0.1164, -0.3491,  1.4137,  1.7168, -0.4214,  0.0339,  1.0441,  0.5833]
[output] 0.07707395369726994
[input_vals] [-0.9425, -0.1164, -0.3491,  1.4137,  1.7732, -0.258 , -0.0188,  1.1863,  0.5833]
[output] 0.1847490523506142
[input_vals] [-0.9425, -0.1164, -0.3491,  1.4137,  1.6599, -0.2835,  0.0974,  1.1279,  0.5833]
[output] 0.21898102985514553
[input_vals] [-0.9425, -0.1164, -0.3491,  1.4137,  1.7617, -0.4467, -0.0501,  1.1249,  0.5833]
[output] 0.17774660725580982
[input_vals] [-0.9425, -0.1164, -0.3491,  1.4137,  1.7831, -0.3818, -0.0659,  1.0558,  0.5833]
[output] 0.205010830387331
[input_vals] [-0.9425, -0.1164, -0.3491,  1.4137,  1.6421, -0.2624,  0.0884,  1.0406,  0.5833]
[output] 0.30570605802907336
[input_vals] [-0.9425, -0.1164, -0.3491,  1.4137,  1.8046, -0.448 ,  0.0846,  1.0933,  0.5833]
[output] 0.3151833792630571
[input_vals] [-0.9425, -0.1164, -0.3491,  1.4137,  1.8009, -0.2607,  0.0444,  1.0417,  0.5833]
[output] 0.35583867517596374
[input_vals] [-0.9425, -0.1164, -0.3491,  1.4137,  1.7775, -0.4189,  0.0363,  1.1989,  0.5833]
[output] 0.22295149221342125
[input_vals] [-0.9425, -0.1164, -0.3491,  1.4137,  1.8175, -0.4289, -0.0997,  1.1263,  0.5833]
[output] 0.3537103667269172
[input_vals] [-0.9425, -0.1164, -0.3491,  1.4137,  1.7572, -0.4468,  0.0102,  1.036 ,  0.5833]
[output] 0.1551548896007021
[input_vals] [-0.9425, -0.1164, -0.3491,  1.4137,  1.7612, -0.3795, -0.0968,  1.1767,  0.5833]
[output] 0.13987883838876944
[input_vals] [-0.9425, -0.1164, -0.3491,  1.4137,  1.6329, -0.353 , -0.0739,  1.0054,  0.5833]
[output] 0.41541357426224734
[input_vals] [-0.9425, -0.1164, -0.3491,  1.4137,  1.8008, -0.363 , -0.0077,  1.0999,  0.5833]
[output] 0.25473589460668467
[input_vals] [-0.9425, -0.1164, -0.3491,  1.4137,  1.6463, -0.4231, -0.0233,  1.039 ,  0.5833]
[output] 0.3034668537719416
[input_vals] [-0.9425, -0.1164, -0.3491,  1.4137,  1.7204, -0.3825, -0.0023,  1.1048,  0.5833]
[output] 0.0
[input_vals] [-0.9425, -0.1164, -0.3491,  1.4137,  1.7017, -0.3946, -0.0053,  1.0342,  0.5833]
[output] 0.09917563546245295
[input_vals] [-0.9425, -0.1164, -0.3491,  1.4137,  1.8247, -0.4429,  0.0994,  1.0039,  0.5833]
[output] 0.3445899509384795
[input_vals] [-0.9425, -0.1164, -0.3491,  1.4137,  1.6852, -0.2744, -0.0493,  1.1423,  0.5833]
[output] 0.2040216287678172
[input_vals] [-0.9425, -0.1164, -0.3491,  1.4137,  1.8118, -0.3467,  0.0023,  1.0368,  0.5833]
[output] 0.27225919749924044
[input_vals] [-0.9425, -0.1164, -0.3491,  1.4137,  1.7318, -0.3779, -0.0394,  1.1133,  0.5833]
[output] 0.0
[input_vals] [-0.9425, -0.1164, -0.3491,  1.4137,  1.7445, -0.2815,  0.0239,  1.0343,  0.5833]
[output] 0.07176750603900717
[input_vals] [-0.9425, -0.1164, -0.3491,  1.4137,  1.7765, -0.4192, -0.0287,  1.1084,  0.5833]
[output] 0.20758600179442474
[input_vals] [-0.9425, -0.1164, -0.3491,  1.4137,  1.6629, -0.4036,  0.091 ,  1.0681,  0.5833]
[output] 0.2350548020171367
[input_vals] [-0.9425, -0.1164, -0.3491,  1.4137,  1.749 , -0.2773, -0.0638,  1.0907,  0.5833]
[output] 0.6491454358777432
[input_vals] [-0.9425, -0.1164, -0.3491,  1.4137,  1.6296, -0.4431, -0.0543,  1.1507,  0.5833]
[output] 0.34479823911913005
[input_vals] [-0.9425, -0.1164, -0.3491,  1.4137,  1.8055, -0.4431,  0.0225,  1.0022,  0.5833]
[output] 0.28872523484749063
[input_vals] [-0.9425, -0.1164, -0.3491,  1.4137,  1.6712, -0.3796, -0.0943,  1.1668,  0.5833]
[output] 0.2467768773769285
[input_vals] [-0.9425, -0.1164, -0.3491,  1.4137,  1.7374, -0.4243, -0.0629,  1.0844,  0.5833]
[output] 0.06748464249329454
[input_vals] [-0.9425, -0.1164, -0.3491,  1.4137,  1.7387, -0.4436, -0.0075,  1.1193,  0.5833]
[output] 0.10592241797659536
[input_vals] [-0.9425, -0.1164, -0.3491,  1.4137,  1.8206, -0.3592, -0.0386,  1.1677,  0.5833]
[output] 0.31830459424306684
[input_vals] [-0.9425, -0.1164, -0.3491,  1.4137,  1.6814, -0.3717, -0.0286,  1.1227,  0.5833]
[output] 0.17765448909705747
[input_vals] [-0.9425, -0.1164, -0.3491,  1.4137,  1.7965, -0.2965, -0.0803,  1.0372,  0.5833]
[output] 0.23064207653915317
[input_vals] [-0.9425, -0.1164, -0.3491,  1.4137,  1.6328, -0.3288, -0.0048,  1.1282,  0.5833]
[output] 0.3780971018178138
[input_vals] [-0.9425, -0.1164, -0.3491,  1.4137,  1.6568, -0.3178, -0.0938,  1.1204,  0.5833]
[output] 0.34797768352038416
[input_vals] [-0.9425, -0.1164, -0.3491,  1.4137,  1.682 , -0.2623,  0.0294,  1.0114,  0.5833]
[output] 0.19751004832956193
[input_vals] [-0.9425, -0.1164, -0.3491,  1.4137,  1.683 , -0.3799,  0.0979,  1.0691,  0.5833]
[output] 0.1673050241674632
[input_vals] [-0.9425, -0.1164, -0.3491,  1.4137,  1.6764, -0.3847, -0.0949,  1.1294,  0.5833]
[output] 0.21673220137191224
[input_vals] [-0.9425, -0.1164, -0.3491,  1.4137,  1.7342, -0.2676,  0.0111,  1.0112,  0.5833]
[output] 0.07271139487677888
[input_vals] [-0.9425, -0.1164, -0.3491,  1.4137,  1.6962, -0.2698,  0.0313,  1.0642,  0.5833]
[output] 0.12754527093657175
[input_vals] [-0.9425, -0.1164, -0.3491,  1.4137,  1.7613, -0.3156,  0.0477,  1.1338,  0.5833]
[output] 0.12898740916340135
[input_vals] [-0.9425, -0.1164, -0.3491,  1.4137,  1.7742, -0.2732,  0.0193,  1.0215,  0.5833]
[output] 0.1648331200707353
[input_vals] [-0.9425, -0.1164, -0.3491,  1.4137,  1.6633, -0.3993, -0.0046,  1.1336,  0.5833]
[output] 0.2286771476815701
[input_vals] [-0.9425, -0.1164, -0.3491,  1.4137,  1.6901, -0.448 , -0.007 ,  1.1061,  0.5833]
[output] 0.1173433997372984
[input_vals] [-0.9425, -0.1164, -0.3491,  1.4137,  1.7554, -0.3407,  0.0103,  1.0738,  0.5833]
[output] 0.09541704420762472
[input_vals] [-0.9425, -0.1164, -0.3491,  1.4137,  1.6474, -0.3192, -0.0148,  1.0694,  0.5833]
[output] 0.33550867631389797
[input_vals] [-0.9425, -0.1164, -0.3491,  1.4137,  1.8152, -0.2866,  0.0942,  1.0442,  0.5833]
[output] 0.36134822592758364
[input_vals] [-0.9425, -0.1164, -0.3491,  1.4137,  1.8274, -0.2952, -0.0516,  1.0587,  0.5833]
[output] 0.3234162825425213
[input_vals] [-0.9425, -0.1164, -0.3491,  1.4137,  1.8166, -0.3514,  0.046 ,  1.1993,  0.5833]
[output] 0.3124341622250563
[input_vals] [-0.9425, -0.1164, -0.3491,  1.4137,  1.7071, -0.2912, -0.056 ,  1.1225,  0.5833]
[output] 0.13747300579135216
[input_vals] [-0.9425, -0.1164, -0.3491,  1.4137,  1.8233, -0.4081,  0.0949,  1.0949,  0.5833]
[output] 0.3445610202895451
[input_vals] [-0.9425, -0.1164, -0.3491,  1.4137,  1.6887, -0.4463, -0.0425,  1.1725,  0.5833]
[output] 0.10964784056857038
[input_vals] [-0.9425, -0.1164, -0.3491,  1.4137,  1.7978, -0.309 ,  0.0473,  1.0255,  0.5833]
[output] 0.22863089625053726
[input_vals] [-0.9425, -0.1164, -0.3491,  1.4137,  1.6378, -0.3347, -0.0131,  1.0381,  0.5833]
[output] 0.3704532024861588
[input_vals] [-0.9425, -0.1164, -0.3491,  1.4137,  1.6497, -0.4209,  0.0923,  1.1551,  0.5833]
[output] 0.2644168956204838
[input_vals] [-0.9425, -0.1164, -0.3491,  1.4137,  1.6351, -0.4446, -0.0308,  1.0285,  0.5833]
[output] 0.33958398805553447
[input_vals] [-0.9425, -0.1164, -0.3491,  1.4137,  1.6646, -0.363 , -0.0959,  1.1115,  0.5833]
[output] 0.2827146896904122
[input_vals] [-0.9425, -0.1164, -0.3491,  1.4137,  1.7483, -0.361 , -0.0507,  1.0598,  0.5833]
[output] 0.07773752119423592
[input_vals] [-0.9425, -0.1164, -0.3491,  1.4137,  1.6343, -0.3275, -0.0687,  1.1052,  0.5833]
[output] 0.4108968270283454
[input_vals] [-0.9425, -0.1164, -0.3491,  1.4137,  1.7905, -0.3235, -0.0456,  1.0119,  0.5833]
[output] 0.20217974971721847
[input_vals] [-0.9425, -0.1164, -0.3491,  1.4137,  1.8137, -0.3989,  0.0908,  1.1765,  0.5833]
[output] 0.3234006684333299
[input_vals] [-0.9425, -0.1164, -0.3491,  1.4137,  1.7696, -0.3465,  0.0145,  1.0328,  0.5833]
[output] 0.13712197806744464
[input_vals] [-0.9425, -0.1164, -0.3491,  1.4137,  1.8135, -0.3569, -0.0512,  1.0644,  0.5833]
[output] 0.29154417664228577
[input_vals] [-0.9425, -0.1164, -0.3491,  1.4137,  1.6351, -0.2751, -0.0653,  1.0375,  0.5833]
[output] 0.4381148721181812
[input_vals] [-0.9425, -0.1164, -0.3491,  1.4137,  1.759 , -0.3639, -0.0964,  1.1314,  0.5833]
[output] 0.1306105448563716
[input_vals] [-0.9425, -0.1164, -0.3491,  1.4137,  1.7273, -0.295 ,  0.0478,  1.1798,  0.5833]
[output] 0.0
[input_vals] [-0.9425, -0.1164, -0.3491,  1.4137,  1.7375, -0.4102,  0.022 ,  1.1601,  0.5833]
[output] 0.08582034624986012
[input_vals] [-0.9425, -0.1164, -0.3491,  1.4137,  1.7291, -0.3997, -0.0693,  1.0127,  0.5833]
[output] 0.0
[input_vals] [-0.9425, -0.1164, -0.3491,  1.4137,  1.8003, -0.4302, -0.0975,  1.0882,  0.5833]
[output] 0.29636569935435986
[input_vals] [-0.9425, -0.1164, -0.3491,  1.4137,  1.7881, -0.399 , -0.0735,  1.1241,  0.5833]
[output] 0.2383857042987455
[input_vals] [-0.9425, -0.1164, -0.3491,  1.4137,  1.7431, -0.2532,  0.0443,  1.0493,  0.5833]
[output] 0.23096899149880346
[input_vals] [-0.9425, -0.1164, -0.3491,  1.4137,  1.7301, -0.3685, -0.0679,  1.0187,  0.5833]
[output] 0.0
[input_vals] [-0.9425, -0.1164, -0.3491,  1.4137,  1.8118, -0.4231, -0.0111,  1.1315,  0.5833]
[output] 0.3242542855784306
[input_vals] [-0.9425, -0.1164, -0.3491,  1.4137,  1.8048, -0.3727, -0.0896,  1.1297,  0.5833]
[output] 0.28150259203581407
[input_vals] [-0.9425, -0.1164, -0.3491,  1.4137,  1.6886, -0.3685,  0.0224,  1.1124,  0.5833]
[output] 0.13920974952240173
[input_vals] [-0.9425, -0.1164, -0.3491,  1.4137,  1.7641, -0.2777,  0.0198,  1.0914,  0.5833]
[output] 0.4315532877508201
[input_vals] [-0.9425, -0.1164, -0.3491,  1.4137,  1.7898, -0.2542, -0.04  ,  1.1912,  0.5833]
[output] 0.24332708643014833
[input_vals] [-0.9425, -0.1164, -0.3491,  1.4137,  1.6833, -0.3243,  0.0659,  1.1936,  0.5833]
[output] 0.15811519600381913
[input_vals] [-0.9425, -0.1164, -0.3491,  1.4137,  1.7542, -0.2621,  0.0125,  1.1047,  0.5833]
[output] 0.10328756735746605
[input_vals] [-0.9425, -0.1164, -0.3491,  1.4137,  1.7448, -0.4264,  0.0029,  1.1114,  0.5833]
[output] 0.11175393781066487
[input_vals] [-0.9425, -0.1164, -0.3491,  1.4137,  1.6486, -0.3248, -0.0969,  1.1658,  0.5833]
[output] 0.38328112794443936
[input_vals] [-0.9425, -0.1164, -0.3491,  1.4137,  1.7153, -0.4308,  0.0865,  1.1046,  0.5833]
[output] 0.11451138320576615
[input_vals] [-0.9425, -0.1164, -0.3491,  1.4137,  1.7274, -0.3354,  0.0679,  1.1691,  0.5833]
[output] 0.0
[input_vals] [-0.9425, -0.1164, -0.3491,  1.4137,  1.7291, -0.3429,  0.0723,  1.0503,  0.5833]
[output] 0.0
[input_vals] [-0.9425, -0.1164, -0.3491,  1.4137,  1.6402, -0.2646, -0.0488,  1.0713,  0.5833]
[output] 0.40147073805980954
[input_vals] [-0.9425, -0.1164, -0.3491,  1.4137,  1.7358, -0.2661, -0.0154,  1.0221,  0.5833]
[output] 0.09149591409544411
[input_vals] [-0.9425, -0.1164, -0.3491,  1.4137,  1.804 , -0.382 ,  0.0199,  1.0073,  0.5833]
[output] 0.2526997352147926
[input_vals] [-0.9425, -0.1164, -0.3491,  1.4137,  1.7288, -0.3173, -0.007 ,  1.1346,  0.5833]
[output] 0.045280952766482016
[input_vals] [-0.9425, -0.1164, -0.3491,  1.4137,  1.6359, -0.2745,  0.0988,  1.0754,  0.5833]
[output] 0.3231158250458052
[input_vals] [-0.9425, -0.1164, -0.3491,  1.4137,  1.8179, -0.2796, -0.081 ,  1.085 ,  0.5833]
[output] 0.28091279480429654
[input_vals] [-0.9425, -0.1164, -0.3491,  1.4137,  1.7216, -0.2546, -0.0365,  1.133 ,  0.5833]
[output] 0.09566371365883929
[input_vals] [-0.9425, -0.1164, -0.3491,  1.4137,  1.6966, -0.329 ,  0.0906,  1.0075,  0.5833]
[output] 0.11954085077533509
[input_vals] [-0.9425, -0.1164, -0.3491,  1.4137,  1.75  , -0.2961, -0.0822,  1.1326,  0.5833]
[output] 0.14040796164843794
[input_vals] [-0.9425, -0.1164, -0.3491,  1.4137,  1.6527, -0.4376,  0.0491,  1.1937,  0.5833]
[output] 0.24548239723182064
[input_vals] [-0.9425, -0.1164, -0.3491,  1.4137,  1.8143, -0.3459, -0.0552,  1.1523,  0.5833]
[output] 0.29561871248595095
[input_vals] [-0.9425, -0.1164, -0.3491,  1.4137,  1.6792, -0.2962, -0.0137,  1.0297,  0.5833]
[output] 0.2258780462932422
[input_vals] [-0.9425, -0.1164, -0.3491,  1.4137,  1.7875, -0.2808, -0.0141,  1.1418,  0.5833]
[output] 0.20506705121124502
[input_vals] [-0.9425, -0.1164, -0.3491,  1.4137,  1.7968, -0.395 , -0.0396,  1.1675,  0.5833]
[output] 0.263968650792556
[input_vals] [-0.9425, -0.1164, -0.3491,  1.4137,  1.7651, -0.4407,  0.0889,  1.0329,  0.5833]
[output] 0.19212830506700065
[input_vals] [-0.9425, -0.1164, -0.3491,  1.4137,  1.7195, -0.2751, -0.0468,  1.0337,  0.5833]
[output] 0.12390631877615182
[input_vals] [-0.9425, -0.1164, -0.3491,  1.4137,  1.6693, -0.3574, -0.0312,  1.0644,  0.5833]
[output] 0.24013593287454427
[input_vals] [-0.9425, -0.1164, -0.3491,  1.4137,  1.8048, -0.4158, -0.0214,  1.1941,  0.5833]
[output] 0.30213732249074043
[input_vals] [-0.9425, -0.1164, -0.3491,  1.4137,  1.8155, -0.3691, -0.0824,  1.1459,  0.5833]
[output] 0.3117033445645329
[input_vals] [-0.9425, -0.1164, -0.3491,  1.4137,  1.6464, -0.3451,  0.0836,  1.0028,  0.5833]
[output] 0.3061509462350176
[input_vals] [-0.9425, -0.1164, -0.3491,  1.4137,  1.7196, -0.4161, -0.0414,  1.1874,  0.5833]
[output] 0.0
[input_vals] [-0.9425, -0.1164, -0.3491,  1.4137,  1.7034, -0.3561,  0.083 ,  1.177 ,  0.5833]
[output] 0.0893345307621366
[input_vals] [-0.9425, -0.1164, -0.3491,  1.4137,  1.8101, -0.3041, -0.0598,  1.1112,  0.5833]
[output] 0.35255729956560344
[input_vals] [-0.9425, -0.1164, -0.3491,  1.4137,  1.6536, -0.3307, -0.0384,  1.1916,  0.5833]
[output] 0.3225787060374265
[input_vals] [-0.9425, -0.1164, -0.3491,  1.4137,  1.818 , -0.3776, -0.0327,  1.0206,  0.5833]
[output] 0.3028350934400587
[input_vals] [-0.9425, -0.1164, -0.3491,  1.4137,  1.7926, -0.2656, -0.0137,  1.1513,  0.5833]
[output] 0.23415357473105045
[input_vals] [-0.9425, -0.1164, -0.3491,  1.4137,  1.7256, -0.3569,  0.0799,  1.1783,  0.5833]
[output] 0.051076422429032355
[input_vals] [-0.9425, -0.1164, -0.3491,  1.4137,  1.7859, -0.3557,  0.0473,  1.0156,  0.5833]
[output] 0.19119064202208053
[input_vals] [-0.9425, -0.1164, -0.3491,  1.4137,  1.8063, -0.4332,  0.0316,  1.0035,  0.5833]
[output] 0.2848056269366713
[input_vals] [-0.9425, -0.1164, -0.3491,  1.4137,  1.7771, -0.3099,  0.0224,  1.0261,  0.5833]
[output] 0.15795227669074224
[input_vals] [-0.9425, -0.1164, -0.3491,  1.4137,  1.6858, -0.3024,  0.0273,  1.1608,  0.5833]
[output] 0.14940498229798704
[input_vals] [-0.9425, -0.1164, -0.3491,  1.4137,  1.6393, -0.3322,  0.0055,  1.1943,  0.5833]
[output] 0.35070981823327346
[input_vals] [-0.9425, -0.1164, -0.3491,  1.4137,  1.7867, -0.365 ,  0.0762,  1.1587,  0.5833]
[output] 0.22421914535065898
[input_vals] [-0.9425, -0.1164, -0.3491,  1.4137,  1.6882, -0.2579,  0.0103,  1.0454,  0.5833]
[output] 0.17372584584005712
[input_vals] [-0.9425, -0.1164, -0.3491,  1.4137,  1.7322, -0.269 ,  0.041 ,  1.1747,  0.5833]
[output] 0.0
[input_vals] [-0.9425, -0.1164, -0.3491,  1.4137,  1.7132, -0.4193,  0.0963,  1.1265,  0.5833]
[output] 0.11239522095080907
[input_vals] [-0.9425, -0.1164, -0.3491,  1.4137,  1.7773, -0.3667, -0.0826,  1.1771,  0.5833]
[output] 0.1875562968127434
[input_vals] [-0.9425, -0.1164, -0.3491,  1.4137,  1.7868, -0.4089,  0.0734,  1.1122,  0.5833]
[output] 0.24187661162681592
[input_vals] [-0.9425, -0.1164, -0.3491,  1.4137,  1.7886, -0.3081,  0.0104,  1.0026,  0.5833]
[output] 0.18892449106756665
[input_vals] [-0.9425, -0.1164, -0.3491,  1.4137,  1.7799, -0.31  , -0.0779,  1.0605,  0.5833]
[output] 0.18370658046223154
[input_vals] [-0.9425, -0.1164, -0.3491,  1.4137,  1.718 , -0.3229, -0.0713,  1.0982,  0.5833]
[output] 0.10348881120055005
[input_vals] [-0.9425, -0.1164, -0.3491,  1.4137,  1.6382, -0.3494,  0.0518,  1.1993,  0.5833]
[output] 0.32874382486749876
[input_vals] [-0.9425, -0.1164, -0.3491,  1.4137,  1.7011, -0.3361, -0.0116,  1.0959,  0.5833]
[output] 0.11423126305892922
[input_vals] [-0.9425, -0.1164, -0.3491,  1.4137,  1.7275, -0.3143, -0.0778,  1.1822,  0.5833]
[output] 0.07128297652823844
[input_vals] [-0.9425, -0.1164, -0.3491,  1.4137,  1.805 , -0.2881,  0.0829,  1.1788,  0.5833]
[output] 0.32209090543488006
[input_vals] [-0.9425, -0.1164, -0.3491,  1.4137,  1.8046, -0.3007, -0.023 ,  1.0461,  0.5833]
[output] 0.24806790268720452
[input_vals] [-0.9425, -0.1164, -0.3491,  1.4137,  1.6929, -0.3891, -0.0287,  1.1106,  0.5833]
[output] 0.12259926230766945
[input_vals] [-0.9425, -0.1164, -0.3491,  1.4137,  1.668 , -0.4238, -0.0643,  1.0767,  0.5833]
[output] 0.21568610650803613
[input_vals] [-0.9425, -0.1164, -0.3491,  1.4137,  1.7757, -0.2947, -0.0742,  1.0052,  0.5833]
[output] 0.16557255286976177
[input_vals] [-0.9425, -0.1164, -0.3491,  1.4137,  1.664 , -0.3035, -0.0173,  1.1222,  0.5833]
[output] 0.2754872548401207
[input_vals] [-0.9425, -0.1164, -0.3491,  1.4137,  1.7076, -0.2703, -0.0842,  1.0003,  0.5833]
[output] 0.18984695873137059
[input_vals] [-0.9425, -0.1164, -0.3491,  1.4137,  1.7689, -0.2919,  0.0785,  1.0775,  0.5833]
[output] 0.1695419726836088
[input_vals] [-0.9425, -0.1164, -0.3491,  1.4137,  1.6957, -0.3057, -0.0734,  1.0101,  0.5833]
[output] 0.1958218536473841
[input_vals] [-0.9425, -0.1164, -0.3491,  1.4137,  1.6767, -0.3472, -0.0122,  1.17  ,  0.5833]
[output] 0.20549892788338894
[input_vals] [-0.9425, -0.1164, -0.3491,  1.4137,  1.6314, -0.3914, -0.0236,  1.0195,  0.5833]
[output] 0.37950679112745406
[input_vals] [-0.9425, -0.1164, -0.3491,  1.4137,  1.7005, -0.2581,  0.0271,  1.0314,  0.5833]
[output] 0.12501276974225578
[input_vals] [-0.9425, -0.1164, -0.3491,  1.4137,  1.7635, -0.4331,  0.0261,  1.1354,  0.5833]
[output] 0.18373840164539706
[input_vals] [-0.9425, -0.1164, -0.3491,  1.4137,  1.8228, -0.3306, -0.0082,  1.1819,  0.5833]
[output] 0.41898644011993774
[input_vals] [-0.9425, -0.1164, -0.3491,  1.4137,  1.6859, -0.3073, -0.0346,  1.0381,  0.5833]
[output] 0.20540626126989708
[input_vals] [-0.9425, -0.1164, -0.3491,  1.4137,  1.6872, -0.3842,  0.0632,  1.0973,  0.5833]
[output] 0.14472390741235064
[input_vals] [-0.9425, -0.1164, -0.3491,  1.4137,  1.7948, -0.3596,  0.0847,  1.1314,  0.5833]
[output] 0.2465996275526109
[input_vals] [-0.9425, -0.1164, -0.3491,  1.4137,  1.7305, -0.4106, -0.0528,  1.0895,  0.5833]
[output] 0.0
[input_vals] [-0.9425, -0.1164, -0.3491,  1.4137,  1.7509, -0.4118,  0.0829,  1.1115,  0.5833]
[output] 0.14588558279800623
[input_vals] [-0.9425, -0.1164, -0.3491,  1.4137,  1.6795, -0.4191, -0.0563,  1.0257,  0.5833]
[output] 0.18087896039063991
[input_vals] [-0.9425, -0.1164, -0.3491,  1.4137,  1.7906, -0.2565, -0.0144,  1.1793,  0.5833]
[output] 0.24099060976996417
[input_vals] [-0.9425, -0.1164, -0.3491,  1.4137,  1.7383, -0.4416, -0.0202,  1.0331,  0.5833]
[output] 0.0870631886550804
[input_vals] [-0.9425, -0.1164, -0.3491,  1.4137,  1.7168, -0.3027, -0.0351,  1.1701,  0.5833]
[output] 0.04505867245126512
[input_vals] [-0.9425, -0.1164, -0.3491,  1.4137,  1.6872, -0.2661,  0.0225,  1.1005,  0.5833]
[output] 0.14980763787978243
[input_vals] [-0.9425, -0.1164, -0.3491,  1.4137,  1.7948, -0.2988,  0.0114,  1.0185,  0.5833]
[output] 0.21315592108677398
[input_vals] [-0.9425, -0.1164, -0.3491,  1.4137,  1.7089, -0.3135,  0.0145,  1.0241,  0.5833]
[output] 0.09356717872213852
[input_vals] [-0.9425, -0.1164, -0.3491,  1.4137,  1.6434, -0.4435,  0.0153,  1.0821,  0.5833]
[output] 0.29174210817891394
[input_vals] [-0.9425, -0.1164, -0.3491,  1.4137,  1.7944, -0.2807,  0.0924,  1.0847,  0.5833]
[output] 0.8399825411038621
[input_vals] [-0.9425, -0.1164, -0.3491,  1.4137,  1.8181, -0.3471, -0.0818,  1.0684,  0.5833]
[output] 0.3081678486870055
[input_vals] [-0.9425, -0.1164, -0.3491,  1.4137,  1.6397, -0.2715, -0.0077,  1.0233,  0.5833]
[output] 0.3825299719467558
[input_vals] [-0.9425, -0.1164, -0.3491,  1.4137,  1.8245, -0.3048, -0.0735,  1.026 ,  0.5833]
[output] 0.3096848535453474
[input_vals] [-0.9425, -0.1164, -0.3491,  1.4137,  1.6976, -0.3635, -0.055 ,  1.0744,  0.5833]
[output] 0.13032089712840986
[input_vals] [-0.9425, -0.1164, -0.3491,  1.4137,  1.6333, -0.2996,  0.0669,  1.1088,  0.5833]
[output] 0.3485362952507308
[input_vals] [-0.9425, -0.1164, -0.3491,  1.4137,  1.7599, -0.2907, -0.0839,  1.1253,  0.5833]
[output] 0.12376784610289085
[input_vals] [-0.9425, -0.1164, -0.3491,  1.4137,  1.755 , -0.4404,  0.0521,  1.16  ,  0.5833]
[output] 0.1736594872621092
[input_vals] [-0.9425, -0.1164, -0.3491,  1.4137,  1.7237, -0.4449, -0.0062,  1.03  ,  0.5833]
[output] 0.06932497466007405
[input_vals] [-0.9425, -0.1164, -0.3491,  1.4137,  1.7808, -0.4433, -0.0013,  1.1256,  0.5833]
[output] 0.24139904963238254
[input_vals] [-0.9425, -0.1164, -0.3491,  1.4137,  1.7702, -0.4475,  0.0707,  1.0141,  0.5833]
[output] 0.1997815632272563
[input_vals] [-0.9425, -0.1164, -0.3491,  1.4137,  1.7758, -0.348 , -0.0678,  1.0579,  0.5833]
[output] 0.1711145517551737
[input_vals] [-0.9425, -0.1164, -0.3491,  1.4137,  1.6973, -0.4274, -0.091 ,  1.024 ,  0.5833]
[output] 0.10509036717668482
[input_vals] [-0.9425, -0.1164, -0.3491,  1.4137,  1.7426, -0.3985,  0.0661,  1.1954,  0.5833]
[output] 0.11049000222736124
[input_vals] [-0.9425, -0.1164, -0.3491,  1.4137,  1.7862, -0.3549, -0.0197,  1.1005,  0.5833]
[output] 0.20589146968664773
[input_vals] [-0.9425, -0.1164, -0.3491,  1.4137,  1.8217, -0.4396, -0.0515,  1.1987,  0.5833]
[output] 0.370973425512788
[input_vals] [-0.9425, -0.1164, -0.3491,  1.4137,  1.7383, -0.2846,  0.0958,  1.1351,  0.5833]
[output] 0.19109014817868142
[input_vals] [-0.9425, -0.1164, -0.3491,  1.4137,  1.7609, -0.3151, -0.0268,  1.1364,  0.5833]
[output] 0.1302652783542477
[input_vals] [-0.9425, -0.1164, -0.3491,  1.4137,  1.7612, -0.3204, -0.0982,  1.0606,  0.5833]
[output] 0.13655440874984934
[input_vals] [-0.9425, -0.1164, -0.3491,  1.4137,  1.8016, -0.3777, -0.0617,  1.063 ,  0.5833]
[output] 0.2641883392251385
[input_vals] [-0.9425, -0.1164, -0.3491,  1.4137,  1.791 , -0.3455,  0.0521,  1.0302,  0.5833]
[output] 0.20914893785961886
[input_vals] [-0.9425, -0.1164, -0.3491,  1.4137,  1.7955, -0.2549,  0.0806,  1.1493,  0.5833]
[output] 0.29043728549415415
[input_vals] [-0.9425, -0.1164, -0.3491,  1.4137,  1.8258, -0.4442, -0.0444,  1.1051,  0.5833]
[output] 0.38016498919309916
[input_vals] [-0.9425, -0.1164, -0.3491,  1.4137,  1.666 , -0.2511, -0.032 ,  1.1258,  0.5833]
[output] 0.2777816557462003
[input_vals] [-0.9425, -0.1164, -0.3491,  1.4137,  1.6468, -0.2956, -0.0305,  1.0241,  0.5833]
[output] 0.36328650530776496
[input_vals] [-0.9425, -0.1164, -0.3491,  1.4137,  1.7593, -0.2555,  0.0856,  1.0251,  0.5833]
[output] 0.21698005271388504
[input_vals] [-0.9425, -0.1164, -0.3491,  1.4137,  1.8175, -0.4196, -0.0681,  1.0795,  0.5833]
[output] 0.3395509104829354
[input_vals] [-0.9425, -0.1164, -0.3491,  1.4137,  1.7691, -0.3294, -0.0503,  1.1728,  0.5833]
[output] 0.1669096870574685
[input_vals] [-0.9425, -0.1164, -0.3491,  1.4137,  1.6993, -0.3555,  0.0607,  1.0865,  0.5833]
[output] 0.1023456890921838
[input_vals] [-0.9425, -0.1164, -0.3491,  1.4137,  1.7425, -0.3646,  0.0495,  1.1367,  0.5833]
[output] 0.07609420386898247
[input_vals] [-0.9425, -0.1164, -0.3491,  1.4137,  1.6649, -0.3971,  0.0414,  1.0272,  0.5833]
[output] 0.2385432143189944
[input_vals] [-0.9425, -0.1164, -0.3491,  1.4137,  1.7351, -0.2656, -0.0679,  1.0425,  0.5833]
[output] 0.12847316164585754
