[input_vals] [-0.864 , -0.1287, -0.2647,  1.4124,  1.7279, -0.3491,  0.    ,  1.0996,  0.5833]
[output] 0.43339811999077293
[input_vals] [-0.9073, -0.0425, -0.4481,  1.4451,  1.7279, -0.3491,  0.    ,  1.0996,  0.5833]
[output] 0.11199642561053452
[input_vals] [-0.8486, -0.2081, -0.286 ,  1.4059,  1.7279, -0.3491,  0.    ,  1.0996,  0.5833]
[output] 0.5290882764058715
[input_vals] [-0.8795, -0.1058, -0.3713,  1.4077,  1.7279, -0.3491,  0.    ,  1.0996,  0.5833]
[output] 0.2252679073180935
[input_vals] [-0.986 , -0.0968, -0.253 ,  1.3696,  1.7279, -0.3491,  0.    ,  1.0996,  0.5833]
[output] 0.19774404938653667
[input_vals] [-0.9092, -0.0518, -0.4376,  1.4503,  1.7279, -0.3491,  0.    ,  1.0996,  0.5833]
[output] 0.12129482154467801
[input_vals] [-0.9393, -0.1036, -0.3648,  1.4416,  1.7279, -0.3491,  0.    ,  1.0996,  0.5833]
[output] 0.055788633443682074
[input_vals] [-0.9326, -0.0748, -0.4223,  1.3608,  1.7279, -0.3491,  0.    ,  1.0996,  0.5833]
[output] 0.14832861326189606
[input_vals] [-0.9674, -0.2078, -0.365 ,  1.3908,  1.7279, -0.3491,  0.    ,  1.0996,  0.5833]
[output] 0.13999412506471143
[input_vals] [-0.893 , -0.198 , -0.4367,  1.4358,  1.7279, -0.3491,  0.    ,  1.0996,  0.5833]
[output] 0.2035970162291173
[input_vals] [-0.9779, -0.1171, -0.2926,  1.3734,  1.7279, -0.3491,  0.    ,  1.0996,  0.5833]
[output] 0.17852908072954735
[input_vals] [-0.8921, -0.204 , -0.2653,  1.4456,  1.7279, -0.3491,  0.    ,  1.0996,  0.5833]
[output] 0.45360038238333894
[input_vals] [-1.033 , -0.1072, -0.3352,  1.3502,  1.7279, -0.3491,  0.    ,  1.0996,  0.5833]
[output] 0.4090987598512181
[input_vals] [-0.8797, -0.0838, -0.4192,  1.4379,  1.7279, -0.3491,  0.    ,  1.0996,  0.5833]
[output] 0.2282732535194692
[input_vals] [-0.8819, -0.1086, -0.4035,  1.4553,  1.7279, -0.3491,  0.    ,  1.0996,  0.5833]
[output] 0.2825984245458881
[input_vals] [-1.0129, -0.0752, -0.2576,  1.3877,  1.7279, -0.3491,  0.    ,  1.0996,  0.5833]
[output] 0.2600340410535046
[input_vals] [-0.8858, -0.0645, -0.4125,  1.4463,  1.7279, -0.3491,  0.    ,  1.0996,  0.5833]
[output] 0.22405268766768835
[input_vals] [-0.8873, -0.1755, -0.3785,  1.4358,  1.7279, -0.3491,  0.    ,  1.0996,  0.5833]
[output] 0.28828438160430403
[input_vals] [-1.0023, -0.1881, -0.2901,  1.3263,  1.7279, -0.3491,  0.    ,  1.0996,  0.5833]
[output] 0.3342064947471574
[input_vals] [-0.8892, -0.1443, -0.3015,  1.4477,  1.7279, -0.3491,  0.    ,  1.0996,  0.5833]
[output] 0.3766007028906081
[input_vals] [-0.8532, -0.055 , -0.2829,  1.3973,  1.7279, -0.3491,  0.    ,  1.0996,  0.5833]
[output] 0.3747240174790969
[input_vals] [-0.9588, -0.1833, -0.3234,  1.3929,  1.7279, -0.3491,  0.    ,  1.0996,  0.5833]
[output] 0.08803516790120376
[input_vals] [-0.8573, -0.1857, -0.3957,  1.425 ,  1.7279, -0.3491,  0.    ,  1.0996,  0.5833]
[output] 0.37833771937085103
[input_vals] [-0.9197, -0.176 , -0.4201,  1.4193,  1.7279, -0.3491,  0.    ,  1.0996,  0.5833]
[output] 0.05775930717266194
[input_vals] [-0.9658, -0.1837, -0.4192,  1.4837,  1.7279, -0.3491,  0.    ,  1.0996,  0.5833]
[output] 0.0
[input_vals] [-0.8636, -0.1559, -0.3692,  1.4162,  1.7279, -0.3491,  0.    ,  1.0996,  0.5833]
[output] 0.3444068989146218
[input_vals] [-0.9586, -0.1167, -0.3128,  1.4721,  1.7279, -0.3491,  0.    ,  1.0996,  0.5833]
[output] 0.10329244219312297
[input_vals] [-0.8942, -0.215 , -0.4435,  1.3754,  1.7279, -0.3491,  0.    ,  1.0996,  0.5833]
[output] 0.06929380643732896
[input_vals] [-0.8695, -0.1217, -0.4093,  1.4522,  1.7279, -0.3491,  0.    ,  1.0996,  0.5833]
[output] 0.3241075554596986
[input_vals] [-0.8936, -0.0203, -0.4192,  1.3637,  1.7279, -0.3491,  0.    ,  1.0996,  0.5833]
[output] 0.0629318647148796
[input_vals] [-0.9413, -0.0745, -0.3194,  1.4537,  1.7279, -0.3491,  0.    ,  1.0996,  0.5833]
[output] 0.11041842709769499
[input_vals] [-0.8621, -0.1158, -0.3436,  1.3517,  1.7279, -0.3491,  0.    ,  1.0996,  0.5833]
[output] 0.20908686304038468
[input_vals] [-1.0355, -0.214 , -0.407 ,  1.43  ,  1.7279, -0.3491,  0.    ,  1.0996,  0.5833]
[output] 0.31636826111132876
[input_vals] [-0.9749, -0.125 , -0.3931,  1.4703,  1.7279, -0.3491,  0.    ,  1.0996,  0.5833]
[output] 0.045389861613291727
[input_vals] [-0.8839, -0.2067, -0.3027,  1.4967,  1.7279, -0.3491,  0.    ,  1.0996,  0.5833]
[output] 0.5415729635126505
[input_vals] [-0.866 , -0.1046, -0.3145,  1.4175,  1.7279, -0.3491,  0.    ,  1.0996,  0.5833]
[output] 0.3651676014332784
[input_vals] [-0.8824, -0.1363, -0.2975,  1.4153,  1.7279, -0.3491,  0.    ,  1.0996,  0.5833]
[output] 0.33199759331926815
[input_vals] [-1.0061, -0.0415, -0.3721,  1.3976,  1.7279, -0.3491,  0.    ,  1.0996,  0.5833]
[output] 0.27968796629955506
[input_vals] [-0.9298, -0.1169, -0.4436,  1.5028,  1.7279, -0.3491,  0.    ,  1.0996,  0.5833]
[output] 0.1493217141922302
[input_vals] [-1.0362, -0.1426, -0.2517,  1.3312,  1.7279, -0.3491,  0.    ,  1.0996,  0.5833]
[output] 0.41404217652636005
[input_vals] [-0.9454, -0.1752, -0.3123,  1.4376,  1.7279, -0.3491,  0.    ,  1.0996,  0.5833]
[output] 0.11576807305590708
[input_vals] [-1.0414, -0.052 , -0.2781,  1.3315,  1.7279, -0.3491,  0.    ,  1.0996,  0.5833]
[output] 0.43958357921133556
[input_vals] [-1.0377, -0.1007, -0.3106,  1.3171,  1.7279, -0.3491,  0.    ,  1.0996,  0.5833]
[output] 0.46359223290701773
[input_vals] [-0.98  , -0.1584, -0.3559,  1.4871,  1.7279, -0.3491,  0.    ,  1.0996,  0.5833]
[output] 0.0
[input_vals] [-0.8492, -0.0624, -0.2658,  1.446 ,  1.7279, -0.3491,  0.    ,  1.0996,  0.5833]
[output] 0.4089636926641056
[input_vals] [-0.998 , -0.1306, -0.3176,  1.3936,  1.7279, -0.3491,  0.    ,  1.0996,  0.5833]
[output] 0.21921251313789203
[input_vals] [-0.997 , -0.1822, -0.4044,  1.3353,  1.7279, -0.3491,  0.    ,  1.0996,  0.5833]
[output] 0.3625635085528913
[input_vals] [-0.9361, -0.0316, -0.3111,  1.3181,  1.7279, -0.3491,  0.    ,  1.0996,  0.5833]
[output] 0.16351937456430002
[input_vals] [-0.9904, -0.0932, -0.3485,  1.3907,  1.7279, -0.3491,  0.    ,  1.0996,  0.5833]
[output] 0.22327812852348308
[input_vals] [-0.8525, -0.042 , -0.2781,  1.4929,  1.7279, -0.3491,  0.    ,  1.0996,  0.5833]
[output] 0.485679463804074
[input_vals] [-1.0351, -0.1372, -0.3228,  1.4984,  1.7279, -0.3491,  0.    ,  1.0996,  0.5833]
[output] 0.14526254031323285
[input_vals] [-0.9032, -0.1696, -0.4409,  1.4644,  1.7279, -0.3491,  0.    ,  1.0996,  0.5833]
[output] 0.19910630654233935
[input_vals] [-1.0347, -0.0809, -0.2803,  1.3267,  1.7279, -0.3491,  0.    ,  1.0996,  0.5833]
[output] 0.4290484657841611
[input_vals] [-0.8939, -0.0363, -0.2681,  1.4587,  1.7279, -0.3491,  0.    ,  1.0996,  0.5833]
[output] 0.31803782853492596
[input_vals] [-0.9025, -0.1979, -0.3217,  1.3296,  1.7279, -0.3491,  0.    ,  1.0996,  0.5833]
[output] 0.08412313007694781
[input_vals] [-1.0115, -0.1677, -0.3824,  1.3741,  1.7279, -0.3491,  0.    ,  1.0996,  0.5833]
[output] 0.32960950606236117
[input_vals] [-1.0418, -0.0968, -0.2779,  1.3687,  1.7279, -0.3491,  0.    ,  1.0996,  0.5833]
[output] 0.3790522716439823
[input_vals] [-1.0216, -0.145 , -0.3051,  1.3628,  1.7279, -0.3491,  0.    ,  1.0996,  0.5833]
[output] 0.33898453542485324
[input_vals] [-0.8914, -0.044 , -0.367 ,  1.3319,  1.7279, -0.3491,  0.    ,  1.0996,  0.5833]
[output] 0.0
[input_vals] [-0.9235, -0.1721, -0.358 ,  1.4525,  1.7279, -0.3491,  0.    ,  1.0996,  0.5833]
[output] 0.1887510769639366
[input_vals] [-0.9861, -0.2027, -0.3921,  1.3315,  1.7279, -0.3491,  0.    ,  1.0996,  0.5833]
[output] 0.3262970086194922
[input_vals] [-0.8658, -0.0821, -0.3391,  1.3459,  1.7279, -0.3491,  0.    ,  1.0996,  0.5833]
[output] 0.16637874525579902
[input_vals] [-0.8945, -0.1479, -0.4214,  1.3651,  1.7279, -0.3491,  0.    ,  1.0996,  0.5833]
[output] 0.0
[input_vals] [-0.8881, -0.1065, -0.2905,  1.4138,  1.7279, -0.3491,  0.    ,  1.0996,  0.5833]
[output] 0.29150997462592926
[input_vals] [-1.0059, -0.0823, -0.3929,  1.4555,  1.7279, -0.3491,  0.    ,  1.0996,  0.5833]
[output] 0.18878769161416462
[input_vals] [-0.9098, -0.0847, -0.2872,  1.4598,  1.7279, -0.3491,  0.    ,  1.0996,  0.5833]
[output] 0.28960750351131453
[input_vals] [-1.0093, -0.1983, -0.4234,  1.4044,  1.7279, -0.3491,  0.    ,  1.0996,  0.5833]
[output] 0.2944361927453632
[input_vals] [-1.0036, -0.105 , -0.3766,  1.3228,  1.7279, -0.3491,  0.    ,  1.0996,  0.5833]
[output] 0.3930113079315934
[input_vals] [-0.8678, -0.1536, -0.2831,  1.3523,  1.7279, -0.3491,  0.    ,  1.0996,  0.5833]
[output] 0.27875271736979956
[input_vals] [-0.8927, -0.1295, -0.3898,  1.3465,  1.7279, -0.3491,  0.    ,  1.0996,  0.5833]
[output] 0.0
[input_vals] [-1.006 , -0.0349, -0.3341,  1.3516,  1.7279, -0.3491,  0.    ,  1.0996,  0.5833]
[output] 0.3338510740308232
[input_vals] [-0.8772, -0.0779, -0.4295,  1.3793,  1.7279, -0.3491,  0.    ,  1.0996,  0.5833]
[output] 0.1040278461782184
[input_vals] [-0.8597, -0.0393, -0.3365,  1.3521,  1.7279, -0.3491,  0.    ,  1.0996,  0.5833]
[output] 0.1933820529852841
[input_vals] [-1.0289, -0.1683, -0.3655,  1.3492,  1.7279, -0.3491,  0.    ,  1.0996,  0.5833]
[output] 0.4108256349932938
[input_vals] [-0.9186, -0.0634, -0.2956,  1.4983,  1.7279, -0.3491,  0.    ,  1.0996,  0.5833]
[output] 0.29595030050133886
[input_vals] [-0.8754, -0.063 , -0.428 ,  1.4262,  1.7279, -0.3491,  0.    ,  1.0996,  0.5833]
[output] 0.20627715420033194
[input_vals] [-0.8568, -0.1997, -0.4163,  1.4906,  1.7279, -0.3491,  0.    ,  1.0996,  0.5833]
[output] 0.4824720820890442
[input_vals] [-0.9953, -0.0779, -0.3984,  1.3782,  1.7279, -0.3491,  0.    ,  1.0996,  0.5833]
[output] 0.295567723663686
[input_vals] [-0.8612, -0.1719, -0.345 ,  1.4783,  1.7279, -0.3491,  0.    ,  1.0996,  0.5833]
[output] 0.5088324185053359
[input_vals] [-1.0283, -0.0517, -0.3775,  1.34  ,  1.7279, -0.3491,  0.    ,  1.0996,  0.5833]
[output] 0.4364953466388036
[input_vals] [-0.9374, -0.2129, -0.2543,  1.5035,  1.7279, -0.3491,  0.    ,  1.0996,  0.5833]
[output] 0.40645092492042806
[input_vals] [-0.9819, -0.064 , -0.3808,  1.419 ,  1.7279, -0.3491,  0.    ,  1.0996,  0.5833]
[output] 0.17099552468639767
[input_vals] [-0.9735, -0.1574, -0.4152,  1.4554,  1.7279, -0.3491,  0.    ,  1.0996,  0.5833]
[output] 0.08330978362206862
[input_vals] [-1.0343, -0.0922, -0.3818,  1.4773,  1.7279, -0.3491,  0.    ,  1.0996,  0.5833]
[output] 0.2281549879941928
[input_vals] [-0.9456, -0.1766, -0.2821,  1.3956,  1.7279, -0.3491,  0.    ,  1.0996,  0.5833]
[output] 0.07736728971257043
[input_vals] [-0.926 , -0.1531, -0.3291,  1.5131,  1.7279, -0.3491,  0.    ,  1.0996,  0.5833]
[output] 0.33903795766038053
[input_vals] [-0.9123, -0.1099, -0.3468,  1.3539,  1.7279, -0.3491,  0.    ,  1.0996,  0.5833]
[output] 0.0
[input_vals] [-1.0201, -0.0808, -0.3342,  1.4918,  1.7279, -0.3491,  0.    ,  1.0996,  0.5833]
[output] 0.13350936741782088
[input_vals] [-0.8881, -0.0681, -0.4475,  1.4286,  1.7279, -0.3491,  0.    ,  1.0996,  0.5833]
[output] 0.14504591675531367
[input_vals] [-1.0292, -0.098 , -0.4354,  1.4458,  1.7279, -0.3491,  0.    ,  1.0996,  0.5833]
[output] 0.3079320994719276
[input_vals] [-0.9349, -0.1922, -0.4289,  1.378 ,  1.7279, -0.3491,  0.    ,  1.0996,  0.5833]
[output] 0.09867428398987622
[input_vals] [-1.0095, -0.2136, -0.2539,  1.431 ,  1.7279, -0.3491,  0.    ,  1.0996,  0.5833]
[output] 0.1516063616037684
[input_vals] [-0.9168, -0.1047, -0.4007,  1.366 ,  1.7279, -0.3491,  0.    ,  1.0996,  0.5833]
[output] 0.05364530338195732
[input_vals] [-0.9346, -0.0362, -0.3402,  1.3244,  1.7279, -0.3491,  0.    ,  1.0996,  0.5833]
[output] 0.16498900613803777
[input_vals] [-1.0301, -0.0486, -0.3897,  1.3187,  1.7279, -0.3491,  0.    ,  1.0996,  0.5833]
[output] 0.47975434000688166
[input_vals] [-1.0019, -0.0259, -0.3278,  1.4761,  1.7279, -0.3491,  0.    ,  1.0996,  0.5833]
[output] 0.11315841563637956
[input_vals] [-0.925 , -0.0476, -0.33  ,  1.4363,  1.7279, -0.3491,  0.    ,  1.0996,  0.5833]
[output] 0.1216520137999444
[input_vals] [-0.9776, -0.0833, -0.2617,  1.4024,  1.7279, -0.3491,  0.    ,  1.0996,  0.5833]
[output] 0.11293135203165204
[input_vals] [-0.9386, -0.1356, -0.3141,  1.3662,  1.7279, -0.3491,  0.    ,  1.0996,  0.5833]
[output] 0.06702217349137132
[input_vals] [-0.9832, -0.1466, -0.2527,  1.3581,  1.7279, -0.3491,  0.    ,  1.0996,  0.5833]
[output] 0.20555331235636057
[input_vals] [-0.9369, -0.1218, -0.3469,  1.4899,  1.7279, -0.3491,  0.    ,  1.0996,  0.5833]
[output] 0.20285499571142976
[input_vals] [-1.0367, -0.1813, -0.4225,  1.4574,  1.7279, -0.3491,  0.    ,  1.0996,  0.5833]
[output] 0.2904416713251595
[input_vals] [-0.9036, -0.108 , -0.3179,  1.5132,  1.7279, -0.3491,  0.    ,  1.0996,  0.5833]
[output] 0.41096197638529913
[input_vals] [-0.9225, -0.0889, -0.3597,  1.4249,  1.7279, -0.3491,  0.    ,  1.0996,  0.5833]
[output] 0.08827665626411993
[input_vals] [-0.9775, -0.1089, -0.3201,  1.3386,  1.7279, -0.3491,  0.    ,  1.0996,  0.5833]
[output] 0.2576893792180347
[input_vals] [-0.8645, -0.106 , -0.4051,  1.493 ,  1.7279, -0.3491,  0.    ,  1.0996,  0.5833]
[output] 0.4115157689689751
[input_vals] [-0.8953, -0.0847, -0.3705,  1.4234,  1.7279, -0.3491,  0.    ,  1.0996,  0.5833]
[output] 0.18622484315251916
[input_vals] [-1.0358, -0.1839, -0.31  ,  1.4769,  1.7279, -0.3491,  0.    ,  1.0996,  0.5833]
[output] 0.1760328870346162
[input_vals] [-0.9641, -0.2026, -0.3798,  1.4087,  1.7279, -0.3491,  0.    ,  1.0996,  0.5833]
[output] 0.10467954913306281
[input_vals] [-1.0258, -0.1589, -0.2846,  1.463 ,  1.7279, -0.3491,  0.    ,  1.0996,  0.5833]
[output] 0.15877275450972395
[input_vals] [-0.8497, -0.0843, -0.2937,  1.4431,  1.7279, -0.3491,  0.    ,  1.0996,  0.5833]
[output] 0.4793667058440542
[input_vals] [-0.8681, -0.1732, -0.3873,  1.3351,  1.7279, -0.3491,  0.    ,  1.0996,  0.5833]
[output] 0.1306788468130792
[input_vals] [-0.978 , -0.1995, -0.4469,  1.3449,  1.7279, -0.3491,  0.    ,  1.0996,  0.5833]
[output] 0.3152171131924915
[input_vals] [-0.8482, -0.1091, -0.2988,  1.3614,  1.7279, -0.3491,  0.    ,  1.0996,  0.5833]
[output] 0.3373191928193451
[input_vals] [-0.9693, -0.0739, -0.4311,  1.3526,  1.7279, -0.3491,  0.    ,  1.0996,  0.5833]
[output] 0.2851050610069226
[input_vals] [-0.8846, -0.1886, -0.3906,  1.5115,  1.7279, -0.3491,  0.    ,  1.0996,  0.5833]
[output] 0.4445652157121241
[input_vals] [-0.9154, -0.1409, -0.348 ,  1.4862,  1.7279, -0.3491,  0.    ,  1.0996,  0.5833]
[output] 0.2942654403047285
[input_vals] [-0.8458, -0.1625, -0.2813,  1.4786,  1.7279, -0.3491,  0.    ,  1.0996,  0.5833]
[output] 0.6120296062608216
[input_vals] [-0.8963, -0.0878, -0.4364,  1.3876,  1.7279, -0.3491,  0.    ,  1.0996,  0.5833]
[output] 0.048689210381171445
[input_vals] [-0.9285, -0.1471, -0.4418,  1.3533,  1.7279, -0.3491,  0.    ,  1.0996,  0.5833]
[output] 0.14589684663040176
[input_vals] [-0.843 , -0.1302, -0.368 ,  1.3681,  1.7279, -0.3491,  0.    ,  1.0996,  0.5833]
[output] 0.3111497849199707
[input_vals] [-0.9671, -0.1963, -0.3355,  1.3537,  1.7279, -0.3491,  0.    ,  1.0996,  0.5833]
[output] 0.19394726750069222
[input_vals] [-1.0377, -0.0688, -0.3125,  1.4492,  1.7279, -0.3491,  0.    ,  1.0996,  0.5833]
[output] 0.254011103898815
[input_vals] [-1.0243, -0.0524, -0.3623,  1.5065,  1.7279, -0.3491,  0.    ,  1.0996,  0.5833]
[output] 0.21500437627028232
[input_vals] [-0.9079, -0.1301, -0.4436,  1.5017,  1.7279, -0.3491,  0.    ,  1.0996,  0.5833]
[output] 0.2372287131366921
[input_vals] [-0.9694, -0.0265, -0.3203,  1.3325,  1.7279, -0.3491,  0.    ,  1.0996,  0.5833]
[output] 0.25055454606887195
[input_vals] [-0.9893, -0.1103, -0.4232,  1.5133,  1.7279, -0.3491,  0.    ,  1.0996,  0.5833]
[output] 0.050405205170036306
[input_vals] [-0.8628, -0.2148, -0.318 ,  1.4686,  1.7279, -0.3491,  0.    ,  1.0996,  0.5833]
[output] 0.5573072826408256
[input_vals] [-0.8849, -0.1315, -0.2831,  1.3462,  1.7279, -0.3491,  0.    ,  1.0996,  0.5833]
[output] 0.16832885213856322
[input_vals] [-0.8539, -0.0723, -0.3079,  1.4733,  1.7279, -0.3491,  0.    ,  1.0996,  0.5833]
[output] 0.49111361323359765
[input_vals] [-0.919 , -0.0666, -0.3849,  1.5096,  1.7279, -0.3491,  0.    ,  1.0996,  0.5833]
[output] 0.26000885578841715
[input_vals] [-0.95  , -0.175 , -0.2877,  1.4172,  1.7279, -0.3491,  0.    ,  1.0996,  0.5833]
[output] 0.08643659022904145
[input_vals] [-0.8914, -0.1575, -0.3091,  1.3235,  1.7279, -0.3491,  0.    ,  1.0996,  0.5833]
[output] 0.08546733022066745
[input_vals] [-0.8496, -0.0488, -0.3145,  1.3416,  1.7279, -0.3491,  0.    ,  1.0996,  0.5833]
[output] 0.23605315208065183
[input_vals] [-0.9378, -0.1555, -0.3024,  1.3418,  1.7279, -0.3491,  0.    ,  1.0996,  0.5833]
[output] 0.10517286333441192
[input_vals] [-0.9747, -0.0884, -0.3211,  1.4817,  1.7279, -0.3491,  0.    ,  1.0996,  0.5833]
[output] 0.0
[input_vals] [-0.9148, -0.189 , -0.2977,  1.4589,  1.7279, -0.3491,  0.    ,  1.0996,  0.5833]
[output] 0.33049185679357423
[input_vals] [-0.9026, -0.0672, -0.3855,  1.4859,  1.7279, -0.3491,  0.    ,  1.0996,  0.5833]
[output] 0.27238094897471954
[input_vals] [-0.8794, -0.1411, -0.3185,  1.4853,  1.7279, -0.3491,  0.    ,  1.0996,  0.5833]
[output] 0.46579630241043435
[input_vals] [-0.8906, -0.216 , -0.2719,  1.4989,  1.7279, -0.3491,  0.    ,  1.0996,  0.5833]
[output] 0.566603051565182
[input_vals] [-0.9581, -0.0578, -0.4031,  1.3768,  1.7279, -0.3491,  0.    ,  1.0996,  0.5833]
[output] 0.19013918193713608
[input_vals] [-0.9066, -0.1713, -0.3078,  1.3148,  1.7279, -0.3491,  0.    ,  1.0996,  0.5833]
[output] 0.07032650197659972
[input_vals] [-0.9875, -0.0993, -0.3621,  1.3827,  1.7279, -0.3491,  0.    ,  1.0996,  0.5833]
[output] 0.2368438129823144
[input_vals] [-0.875 , -0.0847, -0.4139,  1.4818,  1.7279, -0.3491,  0.    ,  1.0996,  0.5833]
[output] 0.33829605205709057
[input_vals] [-0.8488, -0.0889, -0.3705,  1.3248,  1.7279, -0.3491,  0.    ,  1.0996,  0.5833]
[output] 0.1623861301707414
[input_vals] [-0.8797, -0.0887, -0.2749,  1.4777,  1.7279, -0.3491,  0.    ,  1.0996,  0.5833]
[output] 0.4411346559028239
[input_vals] [-0.9901, -0.1454, -0.2556,  1.4936,  1.7279, -0.3491,  0.    ,  1.0996,  0.5833]
[output] 0.09406539318137312
[input_vals] [-1.0252, -0.201 , -0.4263,  1.3872,  1.7279, -0.3491,  0.    ,  1.0996,  0.5833]
[output] 0.37140286858215427
[input_vals] [-0.9612, -0.1939, -0.3408,  1.458 ,  1.7279, -0.3491,  0.    ,  1.0996,  0.5833]
[output] 0.07865716505398515
[input_vals] [-0.9685, -0.0533, -0.3552,  1.5021,  1.7279, -0.3491,  0.    ,  1.0996,  0.5833]
[output] 0.13102709269206084
[input_vals] [-0.858 , -0.0189, -0.2607,  1.3747,  1.7279, -0.3491,  0.    ,  1.0996,  0.5833]
[output] 0.27066952453660614
[input_vals] [-0.8672, -0.0359, -0.3434,  1.4904,  1.7279, -0.3491,  0.    ,  1.0996,  0.5833]
[output] 0.385140968477205
[input_vals] [-0.9887, -0.205 , -0.2773,  1.3178,  1.7279, -0.3491,  0.    ,  1.0996,  0.5833]
[output] 0.3012083439433026
[input_vals] [-0.9075, -0.14  , -0.2905,  1.4151,  1.7279, -0.3491,  0.    ,  1.0996,  0.5833]
[output] 0.22976820355444444
[input_vals] [-0.8844, -0.2048, -0.3418,  1.4934,  1.7279, -0.3491,  0.    ,  1.0996,  0.5833]
[output] 0.4862641062621137
[input_vals] [-0.9215, -0.1261, -0.2651,  1.4149,  1.7279, -0.3491,  0.    ,  1.0996,  0.5833]
[output] 0.1841172534894893
[input_vals] [-0.8855, -0.1415, -0.3853,  1.413 ,  1.7279, -0.3491,  0.    ,  1.0996,  0.5833]
[output] 0.2143158496226186
[input_vals] [-1.032 , -0.0451, -0.422 ,  1.3216,  1.7279, -0.3491,  0.    ,  1.0996,  0.5833]
[output] 0.49883619917572475
[input_vals] [-0.8501, -0.1949, -0.2732,  1.4538,  1.7279, -0.3491,  0.    ,  1.0996,  0.5833]
[output] 0.6051860951015087
[input_vals] [-0.9139, -0.1506, -0.3306,  1.3919,  1.7279, -0.3491,  0.    ,  1.0996,  0.5833]
[output] 0.10906659764967129
[input_vals] [-0.9076, -0.0747, -0.2631,  1.471 ,  1.7279, -0.3491,  0.    ,  1.0996,  0.5833]
[output] 0.30697449993742904
[input_vals] [-1.0125, -0.1952, -0.433 ,  1.3515,  1.7279, -0.3491,  0.    ,  1.0996,  0.5833]
[output] 0.3970868882314724
[input_vals] [-0.998 , -0.0935, -0.3239,  1.3982,  1.7279, -0.3491,  0.    ,  1.0996,  0.5833]
[output] 0.21820287596603738
[input_vals] [-0.8641, -0.0284, -0.3485,  1.5121,  1.7279, -0.3491,  0.    ,  1.0996,  0.5833]
[output] 0.4176121853260664
[input_vals] [-0.8812, -0.209 , -0.2703,  1.5058,  1.7279, -0.3491,  0.    ,  1.0996,  0.5833]
[output] 0.6033253159932707
[input_vals] [-0.9642, -0.1966, -0.3701,  1.318 ,  1.7279, -0.3491,  0.    ,  1.0996,  0.5833]
[output] 0.2697473783343098
[input_vals] [-0.9492, -0.0391, -0.3097,  1.4725,  1.7279, -0.3491,  0.    ,  1.0996,  0.5833]
[output] 0.11353501631545017
[input_vals] [-0.9575, -0.063 , -0.3598,  1.482 ,  1.7279, -0.3491,  0.    ,  1.0996,  0.5833]
[output] 0.07128270356691092
[input_vals] [-0.9715, -0.2099, -0.3493,  1.3788,  1.7279, -0.3491,  0.    ,  1.0996,  0.5833]
[output] 0.1671201562832332
[input_vals] [-0.8621, -0.0188, -0.3556,  1.3547,  1.7279, -0.3491,  0.    ,  1.0996,  0.5833]
[output] 0.16756855989861882
[input_vals] [-0.986 , -0.0795, -0.3756,  1.466 ,  1.7279, -0.3491,  0.    ,  1.0996,  0.5833]
[output] 0.08754892127879803
[input_vals] [-1.0153, -0.1106, -0.3228,  1.3264,  1.7279, -0.3491,  0.    ,  1.0996,  0.5833]
[output] 0.3922350411047546
[input_vals] [-1.0017, -0.1704, -0.2731,  1.4925,  1.7279, -0.3491,  0.    ,  1.0996,  0.5833]
[output] 0.06701260565455251
[input_vals] [-0.9482, -0.1775, -0.4192,  1.4713,  1.7279, -0.3491,  0.    ,  1.0996,  0.5833]
[output] 0.053363913742857066
[input_vals] [-0.8534, -0.1604, -0.3011,  1.4416,  1.7279, -0.3491,  0.    ,  1.0996,  0.5833]
[output] 0.5137881031301578
[input_vals] [-0.8622, -0.0382, -0.3286,  1.3254,  1.7279, -0.3491,  0.    ,  1.0996,  0.5833]
[output] 0.12833121181804943
[input_vals] [-1.0342, -0.0975, -0.2986,  1.4413,  1.7279, -0.3491,  0.    ,  1.0996,  0.5833]
[output] 0.24111708966510764
[input_vals] [-0.9956, -0.1818, -0.4458,  1.341 ,  1.7279, -0.3491,  0.    ,  1.0996,  0.5833]
[output] 0.3758452877349353
[input_vals] [-0.969 , -0.1522, -0.3828,  1.3417,  1.7279, -0.3491,  0.    ,  1.0996,  0.5833]
[output] 0.2571380791651186
[input_vals] [-0.9155, -0.0244, -0.4239,  1.4687,  1.7279, -0.3491,  0.    ,  1.0996,  0.5833]
[output] 0.15022577385842092
[input_vals] [-0.9327, -0.1398, -0.3133,  1.3755,  1.7279, -0.3491,  0.    ,  1.0996,  0.5833]
[output] 0.0
[input_vals] [-0.9802, -0.1025, -0.2936,  1.4522,  1.7279, -0.3491,  0.    ,  1.0996,  0.5833]
[output] 0.0
[input_vals] [-0.8571, -0.145 , -0.4251,  1.5018,  1.7279, -0.3491,  0.    ,  1.0996,  0.5833]
[output] 0.44854567170452236
[input_vals] [-0.9831, -0.1014, -0.4195,  1.5098,  1.7279, -0.3491,  0.    ,  1.0996,  0.5833]
[output] 0.0
[input_vals] [-0.9385, -0.1436, -0.3546,  1.3231,  1.7279, -0.3491,  0.    ,  1.0996,  0.5833]
[output] 0.1736443935198951
[input_vals] [-0.8689, -0.1677, -0.3533,  1.4252,  1.7279, -0.3491,  0.    ,  1.0996,  0.5833]
[output] 0.369385781887226
[input_vals] [-1.0051, -0.1781, -0.4225,  1.4064,  1.7279, -0.3491,  0.    ,  1.0996,  0.5833]
[output] 0.28085073817087464
[input_vals] [-0.9786, -0.2084, -0.3911,  1.3523,  1.7279, -0.3491,  0.    ,  1.0996,  0.5833]
[output] 0.2652362311585603
[input_vals] [-0.8482, -0.1351, -0.4475,  1.3563,  1.7279, -0.3491,  0.    ,  1.0996,  0.5833]
[output] 0.17248632315474322
[input_vals] [-0.9641, -0.1245, -0.4088,  1.3797,  1.7279, -0.3491,  0.    ,  1.0996,  0.5833]
[output] 0.19656018817842785
[input_vals] [-1.036 , -0.1974, -0.3087,  1.3155,  1.7279, -0.3491,  0.    ,  1.0996,  0.5833]
[output] 0.4561883195373157
[input_vals] [-1.0014, -0.0985, -0.3539,  1.5016,  1.7279, -0.3491,  0.    ,  1.0996,  0.5833]
[output] 0.04685487102444215
[input_vals] [-0.8574, -0.2087, -0.4445,  1.4412,  1.7279, -0.3491,  0.    ,  1.0996,  0.5833]
[output] 0.3657141365859905
[input_vals] [-0.9856, -0.0699, -0.2873,  1.4077,  1.7279, -0.3491,  0.    ,  1.0996,  0.5833]
[output] 0.14209741225116038
[input_vals] [-1.0332, -0.1057, -0.3828,  1.3644,  1.7279, -0.3491,  0.    ,  1.0996,  0.5833]
[output] 0.41279133534137613
[input_vals] [-1.0051, -0.0642, -0.2762,  1.4211,  1.7279, -0.3491,  0.    ,  1.0996,  0.5833]
[output] 0.19621444337102173
[input_vals] [-0.9333, -0.1268, -0.4327,  1.3936,  1.7279, -0.3491,  0.    ,  1.0996,  0.5833]
[output] 0.08367062688810872
[input_vals] [-0.8556, -0.1609, -0.2609,  1.4317,  1.7279, -0.3491,  0.    ,  1.0996,  0.5833]
[output] 0.5331836689868674
[input_vals] [-0.9696, -0.1536, -0.4048,  1.477 ,  1.7279, -0.3491,  0.    ,  1.0996,  0.5833]
[output] 0.0
[input_vals] [-1.0141, -0.09  , -0.2833,  1.4952,  1.7279, -0.3491,  0.    ,  1.0996,  0.5833]
[output] 0.07177280389124958
