[input_vals] [-0.9425, -0.1164, -0.3491,  1.4137,  1.7279, -0.3491,  0.    ,  1.0996,  0.5886]
[output] 0.0
[input_vals] [-0.9425, -0.1164, -0.3491,  1.4137,  1.7279, -0.3491,  0.    ,  1.0996,  0.6061]
[output] 0.1708906203056737
[input_vals] [-0.9425, -0.1164, -0.3491,  1.4137,  1.7279, -0.3491,  0.    ,  1.0996,  0.5963]
[output] 0.09643506179379989
[input_vals] [-0.9425, -0.1164, -0.3491,  1.4137,  1.7279, -0.3491,  0.    ,  1.0996,  0.5402]
[output] 0.28244034485782443
[input_vals] [-0.9425, -0.1164, -0.3491,  1.4137,  1.7279, -0.3491,  0.    ,  1.0996,  0.5508]
[output] 0.219785932110118
[input_vals] [-0.9425, -0.1164, -0.3491,  1.4137,  1.7279, -0.3491,  0.    ,  1.0996,  0.5747]
[output] 0.06397682811091504
[input_vals] [-0.9425, -0.1164, -0.3491,  1.4137,  1.7279, -0.3491,  0.    ,  1.0996,  0.6028]
[output] 0.14548243882367445
[input_vals] [-0.9425, -0.1164, -0.3491,  1.4137,  1.7279, -0.3491,  0.    ,  1.0996,  0.6007]
[output] 0.12973404241143885
[input_vals] [-0.9425, -0.1164, -0.3491,  1.4137,  1.7279, -0.3491,  0.    ,  1.0996,  0.6017]
[output] 0.13742313355274258
[input_vals] [-0.9425, -0.1164, -0.3491,  1.4137,  1.7279, -0.3491,  0.    ,  1.0996,  0.5459]
[output] 0.24914474418579752
[input_vals] [-0.9425, -0.1164, -0.3491,  1.4137,  1.7279, -0.3491,  0.    ,  1.0996,  0.5863]
[output] 0.0
[input_vals] [-0.9425, -0.1164, -0.3491,  1.4137,  1.7279, -0.3491,  0.    ,  1.0996,  0.5752]
[output] 0.06042415894622736
[input_vals] [-0.9425, -0.1164, -0.3491,  1.4137,  1.7279, -0.3491,  0.    ,  1.0996,  0.5501]
[output] 0.22394682096795152
[input_vals] [-0.9425, -0.1164, -0.3491,  1.4137,  1.7279, -0.3491,  0.    ,  1.0996,  0.5746]
[output] 0.06468781226980011
[input_vals] [-0.9425, -0.1164, -0.3491,  1.4137,  1.7279, -0.3491,  0.    ,  1.0996,  0.6328]
[output] 0.36070132366408064
[input_vals] [-0.9425, -0.1164, -0.3491,  1.4137,  1.7279, -0.3491,  0.    ,  1.0996,  0.5848]
[output] 0.0
[input_vals] [-0.9425, -0.1164, -0.3491,  1.4137,  1.7279, -0.3491,  0.    ,  1.0996,  0.6323]
[output] 0.3569923997487143
[input_vals] [-0.9425, -0.1164, -0.3491,  1.4137,  1.7279, -0.3491,  0.    ,  1.0996,  0.5857]
[output] 0.0
[input_vals] [-0.9425, -0.1164, -0.3491,  1.4137,  1.7279, -0.3491,  0.    ,  1.0996,  0.5887]
[output] 0.0
[input_vals] [-0.9425, -0.1164, -0.3491,  1.4137,  1.7279, -0.3491,  0.    ,  1.0996,  0.6215]
[output] 0.2837616867287064
[input_vals] [-0.9425, -0.1164, -0.3491,  1.4137,  1.7279, -0.3491,  0.    ,  1.0996,  0.5922]
[output] 0.0659376265091973
[input_vals] [-0.9425, -0.1164, -0.3491,  1.4137,  1.7279, -0.3491,  0.    ,  1.0996,  0.611 ]
[output] 0.20748678365039405
[input_vals] [-0.9425, -0.1164, -0.3491,  1.4137,  1.7279, -0.3491,  0.    ,  1.0996,  0.5689]
[output] 0.10342676704004775
[input_vals] [-0.9425, -0.1164, -0.3491,  1.4137,  1.7279, -0.3491,  0.    ,  1.0996,  0.5763]
[output] 0.05281095810911467
[input_vals] [-0.9425, -0.1164, -0.3491,  1.4137,  1.7279, -0.3491,  0.    ,  1.0996,  0.5502]
[output] 0.22337984037959074
[input_vals] [-0.9425, -0.1164, -0.3491,  1.4137,  1.7279, -0.3491,  0.    ,  1.0996,  0.5694]
[output] 0.10046581224659377
[input_vals] [-0.9425, -0.1164, -0.3491,  1.4137,  1.7279, -0.3491,  0.    ,  1.0996,  0.609 ]
[output] 0.19271294134297837
[input_vals] [-0.9425, -0.1164, -0.3491,  1.4137,  1.7279, -0.3491,  0.    ,  1.0996,  0.5853]
[output] 0.0
[input_vals] [-0.9425, -0.1164, -0.3491,  1.4137,  1.7279, -0.3491,  0.    ,  1.0996,  0.6307]
[output] 0.34675427669051645
[input_vals] [-0.9425, -0.1164, -0.3491,  1.4137,  1.7279, -0.3491,  0.    ,  1.0996,  0.6298]
[output] 0.3408733047665149
[input_vals] [-0.9425, -0.1164, -0.3491,  1.4137,  1.7279, -0.3491,  0.    ,  1.0996,  0.6124]
[output] 0.2182863444488523
[input_vals] [-0.9425, -0.1164, -0.3491,  1.4137,  1.7279, -0.3491,  0.    ,  1.0996,  0.6155]
[output] 0.24061904083478253
[input_vals] [-0.9425, -0.1164, -0.3491,  1.4137,  1.7279, -0.3491,  0.    ,  1.0996,  0.5603]
[output] 0.16006093313149647
[input_vals] [-0.9425, -0.1164, -0.3491,  1.4137,  1.7279, -0.3491,  0.    ,  1.0996,  0.5431]
[output] 0.26543470936275293
[input_vals] [-0.9425, -0.1164, -0.3491,  1.4137,  1.7279, -0.3491,  0.    ,  1.0996,  0.5956]
[output] 0.09107571636346179
[input_vals] [-0.9425, -0.1164, -0.3491,  1.4137,  1.7279, -0.3491,  0.    ,  1.0996,  0.5523]
[output] 0.21013673020381246
[input_vals] [-0.9425, -0.1164, -0.3491,  1.4137,  1.7279, -0.3491,  0.    ,  1.0996,  0.5404]
[output] 0.28087781904045933
[input_vals] [-0.9425, -0.1164, -0.3491,  1.4137,  1.7279, -0.3491,  0.    ,  1.0996,  0.5712]
[output] 0.08777159822339935
[input_vals] [-0.9425, -0.1164, -0.3491,  1.4137,  1.7279, -0.3491,  0.    ,  1.0996,  0.5597]
[output] 0.16363412234353333
[input_vals] [-0.9425, -0.1164, -0.3491,  1.4137,  1.7279, -0.3491,  0.    ,  1.0996,  0.5578]
[output] 0.17589567260732702
[input_vals] [-0.9425, -0.1164, -0.3491,  1.4137,  1.7279, -0.3491,  0.    ,  1.0996,  0.5872]
[output] 0.0
[input_vals] [-0.9425, -0.1164, -0.3491,  1.4137,  1.7279, -0.3491,  0.    ,  1.0996,  0.6318]
[output] 0.35421813515229794
[input_vals] [-0.9425, -0.1164, -0.3491,  1.4137,  1.7279, -0.3491,  0.    ,  1.0996,  0.6194]
[output] 0.26932642237081394
[input_vals] [-0.9425, -0.1164, -0.3491,  1.4137,  1.7279, -0.3491,  0.    ,  1.0996,  0.5337]
[output] 0.31908135956864087
[input_vals] [-0.9425, -0.1164, -0.3491,  1.4137,  1.7279, -0.3491,  0.    ,  1.0996,  0.5662]
[output] 0.12143004008231488
[input_vals] [-0.9425, -0.1164, -0.3491,  1.4137,  1.7279, -0.3491,  0.    ,  1.0996,  0.6284]
[output] 0.33167787964736156
[input_vals] [-0.9425, -0.1164, -0.3491,  1.4137,  1.7279, -0.3491,  0.    ,  1.0996,  0.5403]
[output] 0.28137801460941536
[input_vals] [-0.9425, -0.1164, -0.3491,  1.4137,  1.7279, -0.3491,  0.    ,  1.0996,  0.5745]
[output] 0.06530254089870288
[input_vals] [-0.9425, -0.1164, -0.3491,  1.4137,  1.7279, -0.3491,  0.    ,  1.0996,  0.5426]
[output] 0.26849249838921807
[input_vals] [-0.9425, -0.1164, -0.3491,  1.4137,  1.7279, -0.3491,  0.    ,  1.0996,  0.5399]
[output] 0.283715173103889
[input_vals] [-0.9425, -0.1164, -0.3491,  1.4137,  1.7279, -0.3491,  0.    ,  1.0996,  0.6327]
[output] 0.3596374466564813
[input_vals] [-0.9425, -0.1164, -0.3491,  1.4137,  1.7279, -0.3491,  0.    ,  1.0996,  0.5859]
[output] 0.0
[input_vals] [-0.9425, -0.1164, -0.3491,  1.4137,  1.7279, -0.3491,  0.    ,  1.0996,  0.57  ]
[output] 0.09631851711691931
[input_vals] [-0.9425, -0.1164, -0.3491,  1.4137,  1.7279, -0.3491,  0.    ,  1.0996,  0.6031]
[output] 0.14787077096828635
[input_vals] [-0.9425, -0.1164, -0.3491,  1.4137,  1.7279, -0.3491,  0.    ,  1.0996,  0.6137]
[output] 0.22775716670554466
[input_vals] [-0.9425, -0.1164, -0.3491,  1.4137,  1.7279, -0.3491,  0.    ,  1.0996,  0.6064]
[output] 0.1732500844191462
[input_vals] [-0.9425, -0.1164, -0.3491,  1.4137,  1.7279, -0.3491,  0.    ,  1.0996,  0.6101]
[output] 0.20109260027699738
[input_vals] [-0.9425, -0.1164, -0.3491,  1.4137,  1.7279, -0.3491,  0.    ,  1.0996,  0.6179]
[output] 0.25842864902434615
[input_vals] [-0.9425, -0.1164, -0.3491,  1.4137,  1.7279, -0.3491,  0.    ,  1.0996,  0.5968]
[output] 0.10040633571024392
[input_vals] [-0.9425, -0.1164, -0.3491,  1.4137,  1.7279, -0.3491,  0.    ,  1.0996,  0.54  ]
[output] 0.2833183840116705
[input_vals] [-0.9425, -0.1164, -0.3491,  1.4137,  1.7279, -0.3491,  0.    ,  1.0996,  0.6236]
[output] 0.29877302497983604
[input_vals] [-0.9425, -0.1164, -0.3491,  1.4137,  1.7279, -0.3491,  0.    ,  1.0996,  0.5539]
[output] 0.20029767517405778
[input_vals] [-0.9425, -0.1164, -0.3491,  1.4137,  1.7279, -0.3491,  0.    ,  1.0996,  0.6331]
[output] 0.3623295880769578
[input_vals] [-0.9425, -0.1164, -0.3491,  1.4137,  1.7279, -0.3491,  0.    ,  1.0996,  0.6288]
[output] 0.33460384107840574
[input_vals] [-0.9425, -0.1164, -0.3491,  1.4137,  1.7279, -0.3491,  0.    ,  1.0996,  0.5545]
[output] 0.19661985065965631
[input_vals] [-0.9425, -0.1164, -0.3491,  1.4137,  1.7279, -0.3491,  0.    ,  1.0996,  0.5596]
[output] 0.1647212826946721
[input_vals] [-0.9425, -0.1164, -0.3491,  1.4137,  1.7279, -0.3491,  0.    ,  1.0996,  0.5788]
[output] 0.0
[input_vals] [-0.9425, -0.1164, -0.3491,  1.4137,  1.7279, -0.3491,  0.    ,  1.0996,  0.582 ]
[output] 0.0
[input_vals] [-0.9425, -0.1164, -0.3491,  1.4137,  1.7279, -0.3491,  0.    ,  1.0996,  0.5412]
[output] 0.2764994133445482
[input_vals] [-0.9425, -0.1164, -0.3491,  1.4137,  1.7279, -0.3491,  0.    ,  1.0996,  0.6117]
[output] 0.2126681712746064
[input_vals] [-0.9425, -0.1164, -0.3491,  1.4137,  1.7279, -0.3491,  0.    ,  1.0996,  0.6219]
[output] 0.28664029556046666
[input_vals] [-0.9425, -0.1164, -0.3491,  1.4137,  1.7279, -0.3491,  0.    ,  1.0996,  0.5721]
[output] 0.08188107147227322
[input_vals] [-0.9425, -0.1164, -0.3491,  1.4137,  1.7279, -0.3491,  0.    ,  1.0996,  0.5961]
[output] 0.09515314483386288
[input_vals] [-0.9425, -0.1164, -0.3491,  1.4137,  1.7279, -0.3491,  0.    ,  1.0996,  0.6192]
[output] 0.2679450419797665
[input_vals] [-0.9425, -0.1164, -0.3491,  1.4137,  1.7279, -0.3491,  0.    ,  1.0996,  0.592 ]
[output] 0.06424814084172492
[input_vals] [-0.9425, -0.1164, -0.3491,  1.4137,  1.7279, -0.3491,  0.    ,  1.0996,  0.5806]
[output] 0.0
[input_vals] [-0.9425, -0.1164, -0.3491,  1.4137,  1.7279, -0.3491,  0.    ,  1.0996,  0.5626]
[output] 0.14516870429596682
[input_vals] [-0.9425, -0.1164, -0.3491,  1.4137,  1.7279, -0.3491,  0.    ,  1.0996,  0.5901]
[output] 0.04998068309880559
[input_vals] [-0.9425, -0.1164, -0.3491,  1.4137,  1.7279, -0.3491,  0.    ,  1.0996,  0.5368]
[output] 0.3015064166261631
[input_vals] [-0.9425, -0.1164, -0.3491,  1.4137,  1.7279, -0.3491,  0.    ,  1.0996,  0.5991]
[output] 0.11808263609271762
[input_vals] [-0.9425, -0.1164, -0.3491,  1.4137,  1.7279, -0.3491,  0.    ,  1.0996,  0.6054]
[output] 0.16527546189519685
[input_vals] [-0.9425, -0.1164, -0.3491,  1.4137,  1.7279, -0.3491,  0.    ,  1.0996,  0.596 ]
[output] 0.09454610298509585
[input_vals] [-0.9425, -0.1164, -0.3491,  1.4137,  1.7279, -0.3491,  0.    ,  1.0996,  0.5689]
[output] 0.10319357124654482
[input_vals] [-0.9425, -0.1164, -0.3491,  1.4137,  1.7279, -0.3491,  0.    ,  1.0996,  0.5516]
[output] 0.21437390587822264
[input_vals] [-0.9425, -0.1164, -0.3491,  1.4137,  1.7279, -0.3491,  0.    ,  1.0996,  0.6283]
[output] 0.3310023651309701
[input_vals] [-0.9425, -0.1164, -0.3491,  1.4137,  1.7279, -0.3491,  0.    ,  1.0996,  0.5475]
[output] 0.2392861191004493
[input_vals] [-0.9425, -0.1164, -0.3491,  1.4137,  1.7279, -0.3491,  0.    ,  1.0996,  0.6181]
[output] 0.2597653314268686
[input_vals] [-0.9425, -0.1164, -0.3491,  1.4137,  1.7279, -0.3491,  0.    ,  1.0996,  0.5702]
[output] 0.09446763661727096
[input_vals] [-0.9425, -0.1164, -0.3491,  1.4137,  1.7279, -0.3491,  0.    ,  1.0996,  0.5981]
[output] 0.10991394438784156
[input_vals] [-0.9425, -0.1164, -0.3491,  1.4137,  1.7279, -0.3491,  0.    ,  1.0996,  0.5708]
[output] 0.0907629190384025
[input_vals] [-0.9425, -0.1164, -0.3491,  1.4137,  1.7279, -0.3491,  0.    ,  1.0996,  0.6082]
[output] 0.18634450044178377
[input_vals] [-0.9425, -0.1164, -0.3491,  1.4137,  1.7279, -0.3491,  0.    ,  1.0996,  0.6088]
[output] 0.19090001734587203
[input_vals] [-0.9425, -0.1164, -0.3491,  1.4137,  1.7279, -0.3491,  0.    ,  1.0996,  0.5794]
[output] 0.0
[input_vals] [-0.9425, -0.1164, -0.3491,  1.4137,  1.7279, -0.3491,  0.    ,  1.0996,  0.5448]
[output] 0.25541562259114925
[input_vals] [-0.9425, -0.1164, -0.3491,  1.4137,  1.7279, -0.3491,  0.    ,  1.0996,  0.5973]
[output] 0.1040041996874712
[input_vals] [-0.9425, -0.1164, -0.3491,  1.4137,  1.7279, -0.3491,  0.    ,  1.0996,  0.6132]
[output] 0.22404455433043957
[input_vals] [-0.9425, -0.1164, -0.3491,  1.4137,  1.7279, -0.3491,  0.    ,  1.0996,  0.5588]
[output] 0.16999059588612933
[input_vals] [-0.9425, -0.1164, -0.3491,  1.4137,  1.7279, -0.3491,  0.    ,  1.0996,  0.5532]
[output] 0.20506641106688256
[input_vals] [-0.9425, -0.1164, -0.3491,  1.4137,  1.7279, -0.3491,  0.    ,  1.0996,  0.5507]
[output] 0.220024201863355
[input_vals] [-0.9425, -0.1164, -0.3491,  1.4137,  1.7279, -0.3491,  0.    ,  1.0996,  0.5839]
[output] 0.0
[input_vals] [-0.9425, -0.1164, -0.3491,  1.4137,  1.7279, -0.3491,  0.    ,  1.0996,  0.6184]
[output] 0.261670978278248
[input_vals] [-0.9425, -0.1164, -0.3491,  1.4137,  1.7279, -0.3491,  0.    ,  1.0996,  0.5823]
[output] 0.0
[input_vals] [-0.9425, -0.1164, -0.3491,  1.4137,  1.7279, -0.3491,  0.    ,  1.0996,  0.5493]
[output] 0.2287679991128771
[input_vals] [-0.9425, -0.1164, -0.3491,  1.4137,  1.7279, -0.3491,  0.    ,  1.0996,  0.5576]
[output] 0.1772799226424651
[input_vals] [-0.9425, -0.1164, -0.3491,  1.4137,  1.7279, -0.3491,  0.    ,  1.0996,  0.5345]
[output] 0.31461392218241524
[input_vals] [-0.9425, -0.1164, -0.3491,  1.4137,  1.7279, -0.3491,  0.    ,  1.0996,  0.5897]
[output] 0.04727403653694979
[input_vals] [-0.9425, -0.1164, -0.3491,  1.4137,  1.7279, -0.3491,  0.    ,  1.0996,  0.6135]
[output] 0.22594951433158797
[input_vals] [-0.9425, -0.1164, -0.3491,  1.4137,  1.7279, -0.3491,  0.    ,  1.0996,  0.5755]
[output] 0.058591062746345894
[input_vals] [-0.9425, -0.1164, -0.3491,  1.4137,  1.7279, -0.3491,  0.    ,  1.0996,  0.6049]
[output] 0.16136125830549203
[input_vals] [-0.9425, -0.1164, -0.3491,  1.4137,  1.7279, -0.3491,  0.    ,  1.0996,  0.5863]
[output] 0.0
[input_vals] [-0.9425, -0.1164, -0.3491,  1.4137,  1.7279, -0.3491,  0.    ,  1.0996,  0.5445]
[output] 0.25692611516644565
[input_vals] [-0.9425, -0.1164, -0.3491,  1.4137,  1.7279, -0.3491,  0.    ,  1.0996,  0.5689]
[output] 0.1036691909206618
[input_vals] [-0.9425, -0.1164, -0.3491,  1.4137,  1.7279, -0.3491,  0.    ,  1.0996,  0.549 ]
[output] 0.23039850208865145
[input_vals] [-0.9425, -0.1164, -0.3491,  1.4137,  1.7279, -0.3491,  0.    ,  1.0996,  0.5487]
[output] 0.2321424057865221
[input_vals] [-0.9425, -0.1164, -0.3491,  1.4137,  1.7279, -0.3491,  0.    ,  1.0996,  0.5514]
[output] 0.21556073978949525
[input_vals] [-0.9425, -0.1164, -0.3491,  1.4137,  1.7279, -0.3491,  0.    ,  1.0996,  0.6273]
[output] 0.32431254346342503
[input_vals] [-0.9425, -0.1164, -0.3491,  1.4137,  1.7279, -0.3491,  0.    ,  1.0996,  0.6108]
[output] 0.20590097134808708
[input_vals] [-0.9425, -0.1164, -0.3491,  1.4137,  1.7279, -0.3491,  0.    ,  1.0996,  0.5433]
[output] 0.2644532616751346
[input_vals] [-0.9425, -0.1164, -0.3491,  1.4137,  1.7279, -0.3491,  0.    ,  1.0996,  0.5825]
[output] 0.0
[input_vals] [-0.9425, -0.1164, -0.3491,  1.4137,  1.7279, -0.3491,  0.    ,  1.0996,  0.6063]
[output] 0.17195070271744056
[input_vals] [-0.9425, -0.1164, -0.3491,  1.4137,  1.7279, -0.3491,  0.    ,  1.0996,  0.5725]
[output] 0.07925671988698876
[input_vals] [-0.9425, -0.1164, -0.3491,  1.4137,  1.7279, -0.3491,  0.    ,  1.0996,  0.5906]
[output] 0.05416909625949709
[input_vals] [-0.9425, -0.1164, -0.3491,  1.4137,  1.7279, -0.3491,  0.    ,  1.0996,  0.603 ]
[output] 0.14728421101515807
[input_vals] [-0.9425, -0.1164, -0.3491,  1.4137,  1.7279, -0.3491,  0.    ,  1.0996,  0.6169]
[output] 0.2510836164096276
[input_vals] [-0.9425, -0.1164, -0.3491,  1.4137,  1.7279, -0.3491,  0.    ,  1.0996,  0.6177]
[output] 0.25701047121898335
[input_vals] [-0.9425, -0.1164, -0.3491,  1.4137,  1.7279, -0.3491,  0.    ,  1.0996,  0.6147]
[output] 0.23477502544560575
[input_vals] [-0.9425, -0.1164, -0.3491,  1.4137,  1.7279, -0.3491,  0.    ,  1.0996,  0.6302]
[output] 0.3436122526854743
[input_vals] [-0.9425, -0.1164, -0.3491,  1.4137,  1.7279, -0.3491,  0.    ,  1.0996,  0.5772]
[output] 0.04670086842925495
[input_vals] [-0.9425, -0.1164, -0.3491,  1.4137,  1.7279, -0.3491,  0.    ,  1.0996,  0.6045]
[output] 0.1583048558978697
[input_vals] [-0.9425, -0.1164, -0.3491,  1.4137,  1.7279, -0.3491,  0.    ,  1.0996,  0.6255]
[output] 0.31197574923125093
[input_vals] [-0.9425, -0.1164, -0.3491,  1.4137,  1.7279, -0.3491,  0.    ,  1.0996,  0.625 ]
[output] 0.30847501159204777
[input_vals] [-0.9425, -0.1164, -0.3491,  1.4137,  1.7279, -0.3491,  0.    ,  1.0996,  0.5388]
[output] 0.29026015036663666
[input_vals] [-0.9425, -0.1164, -0.3491,  1.4137,  1.7279, -0.3491,  0.    ,  1.0996,  0.5744]
[output] 0.06631356905483979
[input_vals] [-0.9425, -0.1164, -0.3491,  1.4137,  1.7279, -0.3491,  0.    ,  1.0996,  0.54  ]
[output] 0.28359960043677784
[input_vals] [-0.9425, -0.1164, -0.3491,  1.4137,  1.7279, -0.3491,  0.    ,  1.0996,  0.5967]
[output] 0.09928692031771483
[input_vals] [-0.9425, -0.1164, -0.3491,  1.4137,  1.7279, -0.3491,  0.    ,  1.0996,  0.6071]
[output] 0.17798961812046413
[input_vals] [-0.9425, -0.1164, -0.3491,  1.4137,  1.7279, -0.3491,  0.    ,  1.0996,  0.5785]
[output] 0.0
[input_vals] [-0.9425, -0.1164, -0.3491,  1.4137,  1.7279, -0.3491,  0.    ,  1.0996,  0.6152]
[output] 0.2389021230502132
[input_vals] [-0.9425, -0.1164, -0.3491,  1.4137,  1.7279, -0.3491,  0.    ,  1.0996,  0.5959]
[output] 0.09352276218575711
[input_vals] [-0.9425, -0.1164, -0.3491,  1.4137,  1.7279, -0.3491,  0.    ,  1.0996,  0.5784]
[output] 0.0
[input_vals] [-0.9425, -0.1164, -0.3491,  1.4137,  1.7279, -0.3491,  0.    ,  1.0996,  0.5737]
[output] 0.07095775486061937
[input_vals] [-0.9425, -0.1164, -0.3491,  1.4137,  1.7279, -0.3491,  0.    ,  1.0996,  0.6262]
[output] 0.3166035254302286
[input_vals] [-0.9425, -0.1164, -0.3491,  1.4137,  1.7279, -0.3491,  0.    ,  1.0996,  0.5687]
[output] 0.10507958860025772
[input_vals] [-0.9425, -0.1164, -0.3491,  1.4137,  1.7279, -0.3491,  0.    ,  1.0996,  0.6046]
[output] 0.15977616238531944
[input_vals] [-0.9425, -0.1164, -0.3491,  1.4137,  1.7279, -0.3491,  0.    ,  1.0996,  0.5935]
[output] 0.07521428456022883
[input_vals] [-0.9425, -0.1164, -0.3491,  1.4137,  1.7279, -0.3491,  0.    ,  1.0996,  0.5993]
[output] 0.11953795741630961
[input_vals] [-0.9425, -0.1164, -0.3491,  1.4137,  1.7279, -0.3491,  0.    ,  1.0996,  0.5509]
[output] 0.21895195276043408
[input_vals] [-0.9425, -0.1164, -0.3491,  1.4137,  1.7279, -0.3491,  0.    ,  1.0996,  0.6147]
[output] 0.23484300491827373
[input_vals] [-0.9425, -0.1164, -0.3491,  1.4137,  1.7279, -0.3491,  0.    ,  1.0996,  0.6103]
[output] 0.20256950692894138
[input_vals] [-0.9425, -0.1164, -0.3491,  1.4137,  1.7279, -0.3491,  0.    ,  1.0996,  0.5846]
[output] 0.0
[input_vals] [-0.9425, -0.1164, -0.3491,  1.4137,  1.7279, -0.3491,  0.    ,  1.0996,  0.613 ]
[output] 0.22231154446439166
[input_vals] [-0.9425, -0.1164, -0.3491,  1.4137,  1.7279, -0.3491,  0.    ,  1.0996,  0.5986]
[output] 0.11381515381695705
[input_vals] [-0.9425, -0.1164, -0.3491,  1.4137,  1.7279, -0.3491,  0.    ,  1.0996,  0.6236]
[output] 0.29871279581021537
[input_vals] [-0.9425, -0.1164, -0.3491,  1.4137,  1.7279, -0.3491,  0.    ,  1.0996,  0.614 ]
[output] 0.22966476391304688
[input_vals] [-0.9425, -0.1164, -0.3491,  1.4137,  1.7279, -0.3491,  0.    ,  1.0996,  0.5521]
[output] 0.21170783880551
[input_vals] [-0.9425, -0.1164, -0.3491,  1.4137,  1.7279, -0.3491,  0.    ,  1.0996,  0.5545]
[output] 0.19669251053072373
[input_vals] [-0.9425, -0.1164, -0.3491,  1.4137,  1.7279, -0.3491,  0.    ,  1.0996,  0.6291]
[output] 0.3361754929732055
[input_vals] [-0.9425, -0.1164, -0.3491,  1.4137,  1.7279, -0.3491,  0.    ,  1.0996,  0.5352]
[output] 0.3104871209435136
[input_vals] [-0.9425, -0.1164, -0.3491,  1.4137,  1.7279, -0.3491,  0.    ,  1.0996,  0.5727]
[output] 0.07774551285127895
[input_vals] [-0.9425, -0.1164, -0.3491,  1.4137,  1.7279, -0.3491,  0.    ,  1.0996,  0.606 ]
[output] 0.16979986598955032
[input_vals] [-0.9425, -0.1164, -0.3491,  1.4137,  1.7279, -0.3491,  0.    ,  1.0996,  0.5479]
[output] 0.23723953065017275
[input_vals] [-0.9425, -0.1164, -0.3491,  1.4137,  1.7279, -0.3491,  0.    ,  1.0996,  0.5666]
[output] 0.11860651540533748
[input_vals] [-0.9425, -0.1164, -0.3491,  1.4137,  1.7279, -0.3491,  0.    ,  1.0996,  0.534 ]
[output] 0.3176655400837287
[input_vals] [-0.9425, -0.1164, -0.3491,  1.4137,  1.7279, -0.3491,  0.    ,  1.0996,  0.61  ]
[output] 0.20017054221798422
[input_vals] [-0.9425, -0.1164, -0.3491,  1.4137,  1.7279, -0.3491,  0.    ,  1.0996,  0.6272]
[output] 0.3238005635297861
[input_vals] [-0.9425, -0.1164, -0.3491,  1.4137,  1.7279, -0.3491,  0.    ,  1.0996,  0.5907]
[output] 0.05457694712437349
[input_vals] [-0.9425, -0.1164, -0.3491,  1.4137,  1.7279, -0.3491,  0.    ,  1.0996,  0.5406]
[output] 0.2801330973235631
[input_vals] [-0.9425, -0.1164, -0.3491,  1.4137,  1.7279, -0.3491,  0.    ,  1.0996,  0.5784]
[output] 0.0
[input_vals] [-0.9425, -0.1164, -0.3491,  1.4137,  1.7279, -0.3491,  0.    ,  1.0996,  0.5511]
[output] 0.21778500375024304
[input_vals] [-0.9425, -0.1164, -0.3491,  1.4137,  1.7279, -0.3491,  0.    ,  1.0996,  0.5594]
[output] 0.16593816324266422
[input_vals] [-0.9425, -0.1164, -0.3491,  1.4137,  1.7279, -0.3491,  0.    ,  1.0996,  0.6171]
[output] 0.25288003933423764
[input_vals] [-0.9425, -0.1164, -0.3491,  1.4137,  1.7279, -0.3491,  0.    ,  1.0996,  0.5698]
[output] 0.09719340028008355
[input_vals] [-0.9425, -0.1164, -0.3491,  1.4137,  1.7279, -0.3491,  0.    ,  1.0996,  0.5752]
[output] 0.060545160002298204
[input_vals] [-0.9425, -0.1164, -0.3491,  1.4137,  1.7279, -0.3491,  0.    ,  1.0996,  0.582 ]
[output] 0.0
[input_vals] [-0.9425, -0.1164, -0.3491,  1.4137,  1.7279, -0.3491,  0.    ,  1.0996,  0.6276]
[output] 0.32648187148572855
[input_vals] [-0.9425, -0.1164, -0.3491,  1.4137,  1.7279, -0.3491,  0.    ,  1.0996,  0.56  ]
[output] 0.1621369397418087
[input_vals] [-0.9425, -0.1164, -0.3491,  1.4137,  1.7279, -0.3491,  0.    ,  1.0996,  0.5863]
[output] 0.0
[input_vals] [-0.9425, -0.1164, -0.3491,  1.4137,  1.7279, -0.3491,  0.    ,  1.0996,  0.5455]
[output] 0.25108225212069335
[input_vals] [-0.9425, -0.1164, -0.3491,  1.4137,  1.7279, -0.3491,  0.    ,  1.0996,  0.6078]
[output] 0.18346717382569733
[input_vals] [-0.9425, -0.1164, -0.3491,  1.4137,  1.7279, -0.3491,  0.    ,  1.0996,  0.633 ]
[output] 0.36180399500727817
[input_vals] [-0.9425, -0.1164, -0.3491,  1.4137,  1.7279, -0.3491,  0.    ,  1.0996,  0.5562]
[output] 0.1862791558371438
[input_vals] [-0.9425, -0.1164, -0.3491,  1.4137,  1.7279, -0.3491,  0.    ,  1.0996,  0.55  ]
[output] 0.22427158574305744
[input_vals] [-0.9425, -0.1164, -0.3491,  1.4137,  1.7279, -0.3491,  0.    ,  1.0996,  0.5773]
[output] 0.045761404136760254
[input_vals] [-0.9425, -0.1164, -0.3491,  1.4137,  1.7279, -0.3491,  0.    ,  1.0996,  0.58  ]
[output] 0.0
[input_vals] [-0.9425, -0.1164, -0.3491,  1.4137,  1.7279, -0.3491,  0.    ,  1.0996,  0.6107]
[output] 0.20529620593054274
[input_vals] [-0.9425, -0.1164, -0.3491,  1.4137,  1.7279, -0.3491,  0.    ,  1.0996,  0.5678]
[output] 0.11056354544127008
[input_vals] [-0.9425, -0.1164, -0.3491,  1.4137,  1.7279, -0.3491,  0.    ,  1.0996,  0.5755]
[output] 0.0580442688649888
[input_vals] [-0.9425, -0.1164, -0.3491,  1.4137,  1.7279, -0.3491,  0.    ,  1.0996,  0.5554]
[output] 0.19117708285881949
[input_vals] [-0.9425, -0.1164, -0.3491,  1.4137,  1.7279, -0.3491,  0.    ,  1.0996,  0.6191]
[output] 0.2667430302086486
[input_vals] [-0.9425, -0.1164, -0.3491,  1.4137,  1.7279, -0.3491,  0.    ,  1.0996,  0.5406]
[output] 0.2798462117045003
[input_vals] [-0.9425, -0.1164, -0.3491,  1.4137,  1.7279, -0.3491,  0.    ,  1.0996,  0.5657]
[output] 0.12501796901687093
[input_vals] [-0.9425, -0.1164, -0.3491,  1.4137,  1.7279, -0.3491,  0.    ,  1.0996,  0.6   ]
[output] 0.12488957558983559
[input_vals] [-0.9425, -0.1164, -0.3491,  1.4137,  1.7279, -0.3491,  0.    ,  1.0996,  0.5656]
[output] 0.1257313048882399
[input_vals] [-0.9425, -0.1164, -0.3491,  1.4137,  1.7279, -0.3491,  0.    ,  1.0996,  0.5425]
[output] 0.26896664458674885
[input_vals] [-0.9425, -0.1164, -0.3491,  1.4137,  1.7279, -0.3491,  0.    ,  1.0996,  0.6277]
[output] 0.3269482506694356
[input_vals] [-0.9425, -0.1164, -0.3491,  1.4137,  1.7279, -0.3491,  0.    ,  1.0996,  0.553 ]
[output] 0.2058814717586971
[input_vals] [-0.9425, -0.1164, -0.3491,  1.4137,  1.7279, -0.3491,  0.    ,  1.0996,  0.6022]
[output] 0.14138702532300615
[input_vals] [-0.9425, -0.1164, -0.3491,  1.4137,  1.7279, -0.3491,  0.    ,  1.0996,  0.535 ]
[output] 0.31191957647183555
[input_vals] [-0.9425, -0.1164, -0.3491,  1.4137,  1.7279, -0.3491,  0.    ,  1.0996,  0.5514]
[output] 0.21608408143178287
[input_vals] [-0.9425, -0.1164, -0.3491,  1.4137,  1.7279, -0.3491,  0.    ,  1.0996,  0.5906]
[output] 0.05368837726970085
