[input_vals] [-0.9442,  1.0472,  0.0259,  1.3633,  1.7292, -1.0486,  0.0129,  1.4241,  0.5526]
[output] 0.17478447518977075
[input_vals] [-0.9442,  1.0472,  0.0259,  1.3633,  1.7292, -1.0486,  0.0129,  1.4241,  0.5528]
[output] 0.17441465446719645
[input_vals] [-0.9442,  1.0472,  0.0259,  1.3633,  1.7292, -1.0486,  0.0129,  1.4241,  0.6086]
[output] 0.1583393362078739
[input_vals] [-0.9442,  1.0472,  0.0259,  1.3633,  1.7292, -1.0486,  0.0129,  1.4241,  0.6603]
[output] 0.31023527905195125
[input_vals] [-0.9442,  1.0472,  0.0259,  1.3633,  1.7292, -1.0486,  0.0129,  1.4241,  0.5942]
[output] 0.1
[input_vals] [-0.9442,  1.0472,  0.0259,  1.3633,  1.7292, -1.0486,  0.0129,  1.4241,  0.5801]
[output] 0.1
[input_vals] [-0.9442,  1.0472,  0.0259,  1.3633,  1.7292, -1.0486,  0.0129,  1.4241,  0.5493]
[output] 0.18081652113290148
[input_vals] [-0.9442,  1.0472,  0.0259,  1.3633,  1.7292, -1.0486,  0.0129,  1.4241,  0.6295]
[output] 0.21222794846998935
[input_vals] [-0.9442,  1.0472,  0.0259,  1.3633,  1.7292, -1.0486,  0.0129,  1.4241,  0.5266]
[output] 0.21967189037660684
[input_vals] [-0.9442,  1.0472,  0.0259,  1.3633,  1.7292, -1.0486,  0.0129,  1.4241,  0.5322]
[output] 0.2105689708405918
[input_vals] [-0.9442,  1.0472,  0.0259,  1.3633,  1.7292, -1.0486,  0.0129,  1.4241,  0.6578]
[output] 0.3011645916274151
[input_vals] [-0.9442,  1.0472,  0.0259,  1.3633,  1.7292, -1.0486,  0.0129,  1.4241,  0.5423]
[output] 0.1933237329996212
[input_vals] [-0.9442,  1.0472,  0.0259,  1.3633,  1.7292, -1.0486,  0.0129,  1.4241,  0.524 ]
[output] 0.22374648644765238
[input_vals] [-0.9442,  1.0472,  0.0259,  1.3633,  1.7292, -1.0486,  0.0129,  1.4241,  0.5027]
[output] 0.2553656938599598
[input_vals] [-0.9442,  1.0472,  0.0259,  1.3633,  1.7292, -1.0486,  0.0129,  1.4241,  0.6108]
[output] 0.16445001890955824
[input_vals] [-0.9442,  1.0472,  0.0259,  1.3633,  1.7292, -1.0486,  0.0129,  1.4241,  0.5793]
[output] 0.1
[input_vals] [-0.9442,  1.0472,  0.0259,  1.3633,  1.7292, -1.0486,  0.0129,  1.4241,  0.5896]
[output] 0.1
[input_vals] [-0.9442,  1.0472,  0.0259,  1.3633,  1.7292, -1.0486,  0.0129,  1.4241,  0.5701]
[output] 0.1
[input_vals] [-0.9442,  1.0472,  0.0259,  1.3633,  1.7292, -1.0486,  0.0129,  1.4241,  0.5439]
[output] 0.19060765982742395
[input_vals] [-0.9442,  1.0472,  0.0259,  1.3633,  1.7292, -1.0486,  0.0129,  1.4241,  0.5495]
[output] 0.18037123403251976
[input_vals] [-0.9442,  1.0472,  0.0259,  1.3633,  1.7292, -1.0486,  0.0129,  1.4241,  0.4908]
[output] 0.2713420884970027
[input_vals] [-0.9442,  1.0472,  0.0259,  1.3633,  1.7292, -1.0486,  0.0129,  1.4241,  0.5201]
[output] 0.22984908238686325
[input_vals] [-0.9442,  1.0472,  0.0259,  1.3633,  1.7292, -1.0486,  0.0129,  1.4241,  0.6068]
[output] 0.15347634803934573
[input_vals] [-0.9442,  1.0472,  0.0259,  1.3633,  1.7292, -1.0486,  0.0129,  1.4241,  0.6059]
[output] 0.15114690018791707
[input_vals] [-0.9442,  1.0472,  0.0259,  1.3633,  1.7292, -1.0486,  0.0129,  1.4241,  0.5128]
[output] 0.24092451818802954
[input_vals] [-0.9442,  1.0472,  0.0259,  1.3633,  1.7292, -1.0486,  0.0129,  1.4241,  0.6583]
[output] 0.30291866376867604
[input_vals] [-0.9442,  1.0472,  0.0259,  1.3633,  1.7292, -1.0486,  0.0129,  1.4241,  0.671 ]
[output] 0.34505207226914525
[input_vals] [-0.9442,  1.0472,  0.0259,  1.3633,  1.7292, -1.0486,  0.0129,  1.4241,  0.5966]
[output] 0.1
[input_vals] [-0.9442,  1.0472,  0.0259,  1.3633,  1.7292, -1.0486,  0.0129,  1.4241,  0.6266]
[output] 0.204898637830437
[input_vals] [-0.9442,  1.0472,  0.0259,  1.3633,  1.7292, -1.0486,  0.0129,  1.4241,  0.4957]
[output] 0.26485070301984115
[input_vals] [-0.9442,  1.0472,  0.0259,  1.3633,  1.7292, -1.0486,  0.0129,  1.4241,  0.5932]
[output] 0.1
[input_vals] [-0.9442,  1.0472,  0.0259,  1.3633,  1.7292, -1.0486,  0.0129,  1.4241,  0.5604]
[output] 0.15984890842482527
[input_vals] [-0.9442,  1.0472,  0.0259,  1.3633,  1.7292, -1.0486,  0.0129,  1.4241,  0.6438]
[output] 0.2537145661507427
[input_vals] [-0.9442,  1.0472,  0.0259,  1.3633,  1.7292, -1.0486,  0.0129,  1.4241,  0.5352]
[output] 0.20548277953125552
[input_vals] [-0.9442,  1.0472,  0.0259,  1.3633,  1.7292, -1.0486,  0.0129,  1.4241,  0.574 ]
[output] 0.1
[input_vals] [-0.9442,  1.0472,  0.0259,  1.3633,  1.7292, -1.0486,  0.0129,  1.4241,  0.5009]
[output] 0.25778767058728486
[input_vals] [-0.9442,  1.0472,  0.0259,  1.3633,  1.7292, -1.0486,  0.0129,  1.4241,  0.6307]
[output] 0.21541711753534315
[input_vals] [-0.9442,  1.0472,  0.0259,  1.3633,  1.7292, -1.0486,  0.0129,  1.4241,  0.5576]
[output] 0.16532386567023383
[input_vals] [-0.9442,  1.0472,  0.0259,  1.3633,  1.7292, -1.0486,  0.0129,  1.4241,  0.5633]
[output] 0.15433551303701057
[input_vals] [-0.9442,  1.0472,  0.0259,  1.3633,  1.7292, -1.0486,  0.0129,  1.4241,  0.4994]
[output] 0.2598625878686973
[input_vals] [-0.9442,  1.0472,  0.0259,  1.3633,  1.7292, -1.0486,  0.0129,  1.4241,  0.6572]
[output] 0.2989085402079662
[input_vals] [-0.9442,  1.0472,  0.0259,  1.3633,  1.7292, -1.0486,  0.0129,  1.4241,  0.6592]
[output] 0.3060661644260804
[input_vals] [-0.9442,  1.0472,  0.0259,  1.3633,  1.7292, -1.0486,  0.0129,  1.4241,  0.5216]
[output] 0.22755002620241607
[input_vals] [-0.9442,  1.0472,  0.0259,  1.3633,  1.7292, -1.0486,  0.0129,  1.4241,  0.5788]
[output] 0.1
[input_vals] [-0.9442,  1.0472,  0.0259,  1.3633,  1.7292, -1.0486,  0.0129,  1.4241,  0.5898]
[output] 0.1
[input_vals] [-0.9442,  1.0472,  0.0259,  1.3633,  1.7292, -1.0486,  0.0129,  1.4241,  0.5581]
[output] 0.16439061959019896
[input_vals] [-0.9442,  1.0472,  0.0259,  1.3633,  1.7292, -1.0486,  0.0129,  1.4241,  0.6245]
[output] 0.19960668078904004
[input_vals] [-0.9442,  1.0472,  0.0259,  1.3633,  1.7292, -1.0486,  0.0129,  1.4241,  0.6102]
[output] 0.16280462459808065
[input_vals] [-0.9442,  1.0472,  0.0259,  1.3633,  1.7292, -1.0486,  0.0129,  1.4241,  0.5234]
[output] 0.2247029454680609
[input_vals] [-0.9442,  1.0472,  0.0259,  1.3633,  1.7292, -1.0486,  0.0129,  1.4241,  0.518 ]
[output] 0.23302507961837518
[input_vals] [-0.9442,  1.0472,  0.0259,  1.3633,  1.7292, -1.0486,  0.0129,  1.4241,  0.56  ]
[output] 0.1607475834922613
[input_vals] [-0.9442,  1.0472,  0.0259,  1.3633,  1.7292, -1.0486,  0.0129,  1.4241,  0.5389]
[output] 0.19918677768599208
[input_vals] [-0.9442,  1.0472,  0.0259,  1.3633,  1.7292, -1.0486,  0.0129,  1.4241,  0.6832]
[output] 0.38842282880863344
[input_vals] [-0.9442,  1.0472,  0.0259,  1.3633,  1.7292, -1.0486,  0.0129,  1.4241,  0.5859]
[output] 0.1
[input_vals] [-0.9442,  1.0472,  0.0259,  1.3633,  1.7292, -1.0486,  0.0129,  1.4241,  0.504 ]
[output] 0.253580941691114
[input_vals] [-0.9442,  1.0472,  0.0259,  1.3633,  1.7292, -1.0486,  0.0129,  1.4241,  0.5342]
[output] 0.207179813078481
[input_vals] [-0.9442,  1.0472,  0.0259,  1.3633,  1.7292, -1.0486,  0.0129,  1.4241,  0.595 ]
[output] 0.1
[input_vals] [-0.9442,  1.0472,  0.0259,  1.3633,  1.7292, -1.0486,  0.0129,  1.4241,  0.6755]
[output] 0.36025257635858743
[input_vals] [-0.9442,  1.0472,  0.0259,  1.3633,  1.7292, -1.0486,  0.0129,  1.4241,  0.5773]
[output] 0.1
[input_vals] [-0.9442,  1.0472,  0.0259,  1.3633,  1.7292, -1.0486,  0.0129,  1.4241,  0.5103]
[output] 0.2446064115013048
[input_vals] [-0.9442,  1.0472,  0.0259,  1.3633,  1.7292, -1.0486,  0.0129,  1.4241,  0.5058]
[output] 0.2510440264187669
[input_vals] [-0.9442,  1.0472,  0.0259,  1.3633,  1.7292, -1.0486,  0.0129,  1.4241,  0.5772]
[output] 0.1
[input_vals] [-0.9442,  1.0472,  0.0259,  1.3633,  1.7292, -1.0486,  0.0129,  1.4241,  0.4845]
[output] 0.27941219072714957
[input_vals] [-0.9442,  1.0472,  0.0259,  1.3633,  1.7292, -1.0486,  0.0129,  1.4241,  0.6557]
[output] 0.29380490938448683
[input_vals] [-0.9442,  1.0472,  0.0259,  1.3633,  1.7292, -1.0486,  0.0129,  1.4241,  0.5378]
[output] 0.20122341653095105
[input_vals] [-0.9442,  1.0472,  0.0259,  1.3633,  1.7292, -1.0486,  0.0129,  1.4241,  0.5182]
[output] 0.2327654363570457
[input_vals] [-0.9442,  1.0472,  0.0259,  1.3633,  1.7292, -1.0486,  0.0129,  1.4241,  0.6236]
[output] 0.1973216730719952
[input_vals] [-0.9442,  1.0472,  0.0259,  1.3633,  1.7292, -1.0486,  0.0129,  1.4241,  0.6126]
[output] 0.16937515744933274
[input_vals] [-0.9442,  1.0472,  0.0259,  1.3633,  1.7292, -1.0486,  0.0129,  1.4241,  0.6772]
[output] 0.3662697029554717
[input_vals] [-0.9442,  1.0472,  0.0259,  1.3633,  1.7292, -1.0486,  0.0129,  1.4241,  0.498 ]
[output] 0.26183598199945524
[input_vals] [-0.9442,  1.0472,  0.0259,  1.3633,  1.7292, -1.0486,  0.0129,  1.4241,  0.5442]
[output] 0.1899200983564754
[input_vals] [-0.9442,  1.0472,  0.0259,  1.3633,  1.7292, -1.0486,  0.0129,  1.4241,  0.6827]
[output] 0.3866996317894137
[input_vals] [-0.9442,  1.0472,  0.0259,  1.3633,  1.7292, -1.0486,  0.0129,  1.4241,  0.6632]
[output] 0.32019766760090684
[input_vals] [-0.9442,  1.0472,  0.0259,  1.3633,  1.7292, -1.0486,  0.0129,  1.4241,  0.6277]
[output] 0.20772386758897288
[input_vals] [-0.9442,  1.0472,  0.0259,  1.3633,  1.7292, -1.0486,  0.0129,  1.4241,  0.6143]
[output] 0.17436687427979722
[input_vals] [-0.9442,  1.0472,  0.0259,  1.3633,  1.7292, -1.0486,  0.0129,  1.4241,  0.5032]
[output] 0.25463822597793884
[input_vals] [-0.9442,  1.0472,  0.0259,  1.3633,  1.7292, -1.0486,  0.0129,  1.4241,  0.5656]
[output] 0.14980150427549585
[input_vals] [-0.9442,  1.0472,  0.0259,  1.3633,  1.7292, -1.0486,  0.0129,  1.4241,  0.5469]
[output] 0.18511886963870078
[input_vals] [-0.9442,  1.0472,  0.0259,  1.3633,  1.7292, -1.0486,  0.0129,  1.4241,  0.5305]
[output] 0.2133058861726646
[input_vals] [-0.9442,  1.0472,  0.0259,  1.3633,  1.7292, -1.0486,  0.0129,  1.4241,  0.5417]
[output] 0.19437861291704517
[input_vals] [-0.9442,  1.0472,  0.0259,  1.3633,  1.7292, -1.0486,  0.0129,  1.4241,  0.6009]
[output] 0.1
[input_vals] [-0.9442,  1.0472,  0.0259,  1.3633,  1.7292, -1.0486,  0.0129,  1.4241,  0.5388]
[output] 0.19944276461597304
[input_vals] [-0.9442,  1.0472,  0.0259,  1.3633,  1.7292, -1.0486,  0.0129,  1.4241,  0.6706]
[output] 0.34349988453414804
[input_vals] [-0.9442,  1.0472,  0.0259,  1.3633,  1.7292, -1.0486,  0.0129,  1.4241,  0.6559]
[output] 0.2944543192295104
[input_vals] [-0.9442,  1.0472,  0.0259,  1.3633,  1.7292, -1.0486,  0.0129,  1.4241,  0.6711]
[output] 0.345262692006745
[input_vals] [-0.9442,  1.0472,  0.0259,  1.3633,  1.7292, -1.0486,  0.0129,  1.4241,  0.644 ]
[output] 0.25457632567584826
[input_vals] [-0.9442,  1.0472,  0.0259,  1.3633,  1.7292, -1.0486,  0.0129,  1.4241,  0.5467]
[output] 0.18561654086617962
[input_vals] [-0.9442,  1.0472,  0.0259,  1.3633,  1.7292, -1.0486,  0.0129,  1.4241,  0.6051]
[output] 0.14905575971791776
[input_vals] [-0.9442,  1.0472,  0.0259,  1.3633,  1.7292, -1.0486,  0.0129,  1.4241,  0.4957]
[output] 0.26485348289986255
[input_vals] [-0.9442,  1.0472,  0.0259,  1.3633,  1.7292, -1.0486,  0.0129,  1.4241,  0.6387]
[output] 0.23816545912051634
[input_vals] [-0.9442,  1.0472,  0.0259,  1.3633,  1.7292, -1.0486,  0.0129,  1.4241,  0.5338]
[output] 0.20787011220034082
[input_vals] [-0.9442,  1.0472,  0.0259,  1.3633,  1.7292, -1.0486,  0.0129,  1.4241,  0.6343]
[output] 0.2254876182131867
[input_vals] [-0.9442,  1.0472,  0.0259,  1.3633,  1.7292, -1.0486,  0.0129,  1.4241,  0.635 ]
[output] 0.22729172129702027
[input_vals] [-0.9442,  1.0472,  0.0259,  1.3633,  1.7292, -1.0486,  0.0129,  1.4241,  0.5499]
[output] 0.1797631346639242
[input_vals] [-0.9442,  1.0472,  0.0259,  1.3633,  1.7292, -1.0486,  0.0129,  1.4241,  0.6705]
[output] 0.34327814555354286
[input_vals] [-0.9442,  1.0472,  0.0259,  1.3633,  1.7292, -1.0486,  0.0129,  1.4241,  0.5829]
[output] 0.1
[input_vals] [-0.9442,  1.0472,  0.0259,  1.3633,  1.7292, -1.0486,  0.0129,  1.4241,  0.5643]
[output] 0.15234402286049953
[input_vals] [-0.9442,  1.0472,  0.0259,  1.3633,  1.7292, -1.0486,  0.0129,  1.4241,  0.6137]
[output] 0.17272875546432348
[input_vals] [-0.9442,  1.0472,  0.0259,  1.3633,  1.7292, -1.0486,  0.0129,  1.4241,  0.4978]
[output] 0.26202037474490497
[input_vals] [-0.9442,  1.0472,  0.0259,  1.3633,  1.7292, -1.0486,  0.0129,  1.4241,  0.5477]
[output] 0.18379749901675885
[input_vals] [-0.9442,  1.0472,  0.0259,  1.3633,  1.7292, -1.0486,  0.0129,  1.4241,  0.6641]
[output] 0.3230169890449384
[input_vals] [-0.9442,  1.0472,  0.0259,  1.3633,  1.7292, -1.0486,  0.0129,  1.4241,  0.5395]
[output] 0.1981877846196799
[input_vals] [-0.9442,  1.0472,  0.0259,  1.3633,  1.7292, -1.0486,  0.0129,  1.4241,  0.6698]
[output] 0.3409814830833022
[input_vals] [-0.9442,  1.0472,  0.0259,  1.3633,  1.7292, -1.0486,  0.0129,  1.4241,  0.5598]
[output] 0.1610332650799898
[input_vals] [-0.9442,  1.0472,  0.0259,  1.3633,  1.7292, -1.0486,  0.0129,  1.4241,  0.6481]
[output] 0.2677841447037579
[input_vals] [-0.9442,  1.0472,  0.0259,  1.3633,  1.7292, -1.0486,  0.0129,  1.4241,  0.5213]
[output] 0.2279997477568587
[input_vals] [-0.9442,  1.0472,  0.0259,  1.3633,  1.7292, -1.0486,  0.0129,  1.4241,  0.6176]
[output] 0.1839095981816715
[input_vals] [-0.9442,  1.0472,  0.0259,  1.3633,  1.7292, -1.0486,  0.0129,  1.4241,  0.5219]
[output] 0.22706334672721717
[input_vals] [-0.9442,  1.0472,  0.0259,  1.3633,  1.7292, -1.0486,  0.0129,  1.4241,  0.6287]
[output] 0.21023986735085806
[input_vals] [-0.9442,  1.0472,  0.0259,  1.3633,  1.7292, -1.0486,  0.0129,  1.4241,  0.5872]
[output] 0.1
[input_vals] [-0.9442,  1.0472,  0.0259,  1.3633,  1.7292, -1.0486,  0.0129,  1.4241,  0.6108]
[output] 0.1643597151526371
[input_vals] [-0.9442,  1.0472,  0.0259,  1.3633,  1.7292, -1.0486,  0.0129,  1.4241,  0.4993]
[output] 0.2600543336259078
[input_vals] [-0.9442,  1.0472,  0.0259,  1.3633,  1.7292, -1.0486,  0.0129,  1.4241,  0.6571]
[output] 0.2987543521630912
[input_vals] [-0.9442,  1.0472,  0.0259,  1.3633,  1.7292, -1.0486,  0.0129,  1.4241,  0.5954]
[output] 0.1
[input_vals] [-0.9442,  1.0472,  0.0259,  1.3633,  1.7292, -1.0486,  0.0129,  1.4241,  0.5117]
[output] 0.24256754753422055
[input_vals] [-0.9442,  1.0472,  0.0259,  1.3633,  1.7292, -1.0486,  0.0129,  1.4241,  0.6207]
[output] 0.19074366559771871
[input_vals] [-0.9442,  1.0472,  0.0259,  1.3633,  1.7292, -1.0486,  0.0129,  1.4241,  0.6693]
[output] 0.33943091799742664
[input_vals] [-0.9442,  1.0472,  0.0259,  1.3633,  1.7292, -1.0486,  0.0129,  1.4241,  0.5601]
[output] 0.16043850866869963
[input_vals] [-0.9442,  1.0472,  0.0259,  1.3633,  1.7292, -1.0486,  0.0129,  1.4241,  0.5207]
[output] 0.2289538885197145
[input_vals] [-0.9442,  1.0472,  0.0259,  1.3633,  1.7292, -1.0486,  0.0129,  1.4241,  0.5471]
[output] 0.18480862283627966
[input_vals] [-0.9442,  1.0472,  0.0259,  1.3633,  1.7292, -1.0486,  0.0129,  1.4241,  0.5446]
[output] 0.18936614150705064
[input_vals] [-0.9442,  1.0472,  0.0259,  1.3633,  1.7292, -1.0486,  0.0129,  1.4241,  0.5341]
[output] 0.20733284839219823
[input_vals] [-0.9442,  1.0472,  0.0259,  1.3633,  1.7292, -1.0486,  0.0129,  1.4241,  0.6641]
[output] 0.3229266113015856
[input_vals] [-0.9442,  1.0472,  0.0259,  1.3633,  1.7292, -1.0486,  0.0129,  1.4241,  0.485 ]
[output] 0.27878260514577813
[input_vals] [-0.9442,  1.0472,  0.0259,  1.3633,  1.7292, -1.0486,  0.0129,  1.4241,  0.5888]
[output] 0.1
[input_vals] [-0.9442,  1.0472,  0.0259,  1.3633,  1.7292, -1.0486,  0.0129,  1.4241,  0.5   ]
[output] 0.259139390610848
[input_vals] [-0.9442,  1.0472,  0.0259,  1.3633,  1.7292, -1.0486,  0.0129,  1.4241,  0.526 ]
[output] 0.22068816833549826
[input_vals] [-0.9442,  1.0472,  0.0259,  1.3633,  1.7292, -1.0486,  0.0129,  1.4241,  0.5858]
[output] 0.1
[input_vals] [-0.9442,  1.0472,  0.0259,  1.3633,  1.7292, -1.0486,  0.0129,  1.4241,  0.5607]
[output] 0.15939665792861013
[input_vals] [-0.9442,  1.0472,  0.0259,  1.3633,  1.7292, -1.0486,  0.0129,  1.4241,  0.6006]
[output] 0.1
[input_vals] [-0.9442,  1.0472,  0.0259,  1.3633,  1.7292, -1.0486,  0.0129,  1.4241,  0.5931]
[output] 0.1
[input_vals] [-0.9442,  1.0472,  0.0259,  1.3633,  1.7292, -1.0486,  0.0129,  1.4241,  0.6462]
[output] 0.26156670358080053
[input_vals] [-0.9442,  1.0472,  0.0259,  1.3633,  1.7292, -1.0486,  0.0129,  1.4241,  0.596 ]
[output] 0.1
[input_vals] [-0.9442,  1.0472,  0.0259,  1.3633,  1.7292, -1.0486,  0.0129,  1.4241,  0.5854]
[output] 0.1
[input_vals] [-0.9442,  1.0472,  0.0259,  1.3633,  1.7292, -1.0486,  0.0129,  1.4241,  0.6446]
[output] 0.2563795530605225
[input_vals] [-0.9442,  1.0472,  0.0259,  1.3633,  1.7292, -1.0486,  0.0129,  1.4241,  0.6076]
[output] 0.1556418729847206
[input_vals] [-0.9442,  1.0472,  0.0259,  1.3633,  1.7292, -1.0486,  0.0129,  1.4241,  0.5571]
[output] 0.1661944228999967
[input_vals] [-0.9442,  1.0472,  0.0259,  1.3633,  1.7292, -1.0486,  0.0129,  1.4241,  0.5609]
[output] 0.15890138350577304
[input_vals] [-0.9442,  1.0472,  0.0259,  1.3633,  1.7292, -1.0486,  0.0129,  1.4241,  0.6117]
[output] 0.16688187639215107
[input_vals] [-0.9442,  1.0472,  0.0259,  1.3633,  1.7292, -1.0486,  0.0129,  1.4241,  0.6426]
[output] 0.25024413585020044
[input_vals] [-0.9442,  1.0472,  0.0259,  1.3633,  1.7292, -1.0486,  0.0129,  1.4241,  0.6524]
[output] 0.28217333257443455
[input_vals] [-0.9442,  1.0472,  0.0259,  1.3633,  1.7292, -1.0486,  0.0129,  1.4241,  0.5624]
[output] 0.1560382746221905
[input_vals] [-0.9442,  1.0472,  0.0259,  1.3633,  1.7292, -1.0486,  0.0129,  1.4241,  0.6151]
[output] 0.17671883311611408
[input_vals] [-0.9442,  1.0472,  0.0259,  1.3633,  1.7292, -1.0486,  0.0129,  1.4241,  0.5268]
[output] 0.2193310652004325
[input_vals] [-0.9442,  1.0472,  0.0259,  1.3633,  1.7292, -1.0486,  0.0129,  1.4241,  0.6744]
[output] 0.3565179648713177
[input_vals] [-0.9442,  1.0472,  0.0259,  1.3633,  1.7292, -1.0486,  0.0129,  1.4241,  0.6542]
[output] 0.28850573276223535
[input_vals] [-0.9442,  1.0472,  0.0259,  1.3633,  1.7292, -1.0486,  0.0129,  1.4241,  0.5515]
[output] 0.1768526743157697
[input_vals] [-0.9442,  1.0472,  0.0259,  1.3633,  1.7292, -1.0486,  0.0129,  1.4241,  0.5808]
[output] 0.1
[input_vals] [-0.9442,  1.0472,  0.0259,  1.3633,  1.7292, -1.0486,  0.0129,  1.4241,  0.6587]
[output] 0.30448519987350775
[input_vals] [-0.9442,  1.0472,  0.0259,  1.3633,  1.7292, -1.0486,  0.0129,  1.4241,  0.6725]
[output] 0.35007362730685865
[input_vals] [-0.9442,  1.0472,  0.0259,  1.3633,  1.7292, -1.0486,  0.0129,  1.4241,  0.5002]
[output] 0.2588728216758609
[input_vals] [-0.9442,  1.0472,  0.0259,  1.3633,  1.7292, -1.0486,  0.0129,  1.4241,  0.6571]
[output] 0.298593704981714
[input_vals] [-0.9442,  1.0472,  0.0259,  1.3633,  1.7292, -1.0486,  0.0129,  1.4241,  0.6358]
[output] 0.22981860856392436
[input_vals] [-0.9442,  1.0472,  0.0259,  1.3633,  1.7292, -1.0486,  0.0129,  1.4241,  0.5105]
[output] 0.24427413574425638
[input_vals] [-0.9442,  1.0472,  0.0259,  1.3633,  1.7292, -1.0486,  0.0129,  1.4241,  0.6412]
[output] 0.24575281256406045
[input_vals] [-0.9442,  1.0472,  0.0259,  1.3633,  1.7292, -1.0486,  0.0129,  1.4241,  0.6506]
[output] 0.2759237123966591
[input_vals] [-0.9442,  1.0472,  0.0259,  1.3633,  1.7292, -1.0486,  0.0129,  1.4241,  0.5153]
[output] 0.23715050659312234
[input_vals] [-0.9442,  1.0472,  0.0259,  1.3633,  1.7292, -1.0486,  0.0129,  1.4241,  0.6173]
[output] 0.18310300430773038
[input_vals] [-0.9442,  1.0472,  0.0259,  1.3633,  1.7292, -1.0486,  0.0129,  1.4241,  0.5201]
[output] 0.2298250015578441
[input_vals] [-0.9442,  1.0472,  0.0259,  1.3633,  1.7292, -1.0486,  0.0129,  1.4241,  0.6536]
[output] 0.28626724653078517
[input_vals] [-0.9442,  1.0472,  0.0259,  1.3633,  1.7292, -1.0486,  0.0129,  1.4241,  0.5884]
[output] 0.1
[input_vals] [-0.9442,  1.0472,  0.0259,  1.3633,  1.7292, -1.0486,  0.0129,  1.4241,  0.5312]
[output] 0.21224817209186053
[input_vals] [-0.9442,  1.0472,  0.0259,  1.3633,  1.7292, -1.0486,  0.0129,  1.4241,  0.6506]
[output] 0.27597005442168876
[input_vals] [-0.9442,  1.0472,  0.0259,  1.3633,  1.7292, -1.0486,  0.0129,  1.4241,  0.6078]
[output] 0.1563737005820781
[input_vals] [-0.9442,  1.0472,  0.0259,  1.3633,  1.7292, -1.0486,  0.0129,  1.4241,  0.504 ]
[output] 0.25356445354315604
[input_vals] [-0.9442,  1.0472,  0.0259,  1.3633,  1.7292, -1.0486,  0.0129,  1.4241,  0.6594]
[output] 0.30691454940317053
[input_vals] [-0.9442,  1.0472,  0.0259,  1.3633,  1.7292, -1.0486,  0.0129,  1.4241,  0.6422]
[output] 0.24897478652049557
[input_vals] [-0.9442,  1.0472,  0.0259,  1.3633,  1.7292, -1.0486,  0.0129,  1.4241,  0.6642]
[output] 0.3231237351966371
[input_vals] [-0.9442,  1.0472,  0.0259,  1.3633,  1.7292, -1.0486,  0.0129,  1.4241,  0.5989]
[output] 0.1
[input_vals] [-0.9442,  1.0472,  0.0259,  1.3633,  1.7292, -1.0486,  0.0129,  1.4241,  0.4884]
[output] 0.27447784162646083
[input_vals] [-0.9442,  1.0472,  0.0259,  1.3633,  1.7292, -1.0486,  0.0129,  1.4241,  0.6606]
[output] 0.3114738069426986
[input_vals] [-0.9442,  1.0472,  0.0259,  1.3633,  1.7292, -1.0486,  0.0129,  1.4241,  0.573 ]
[output] 0.1
[input_vals] [-0.9442,  1.0472,  0.0259,  1.3633,  1.7292, -1.0486,  0.0129,  1.4241,  0.6519]
[output] 0.28056352530837336
[input_vals] [-0.9442,  1.0472,  0.0259,  1.3633,  1.7292, -1.0486,  0.0129,  1.4241,  0.6376]
[output] 0.2350751939035518
[input_vals] [-0.9442,  1.0472,  0.0259,  1.3633,  1.7292, -1.0486,  0.0129,  1.4241,  0.5   ]
[output] 0.25907442729044494
[input_vals] [-0.9442,  1.0472,  0.0259,  1.3633,  1.7292, -1.0486,  0.0129,  1.4241,  0.5051]
[output] 0.2519679004213049
[input_vals] [-0.9442,  1.0472,  0.0259,  1.3633,  1.7292, -1.0486,  0.0129,  1.4241,  0.6554]
[output] 0.2927242688684688
[input_vals] [-0.9442,  1.0472,  0.0259,  1.3633,  1.7292, -1.0486,  0.0129,  1.4241,  0.6273]
[output] 0.20665079041081208
[input_vals] [-0.9442,  1.0472,  0.0259,  1.3633,  1.7292, -1.0486,  0.0129,  1.4241,  0.6272]
[output] 0.206336413565811
[input_vals] [-0.9442,  1.0472,  0.0259,  1.3633,  1.7292, -1.0486,  0.0129,  1.4241,  0.4898]
[output] 0.2726320121623418
[input_vals] [-0.9442,  1.0472,  0.0259,  1.3633,  1.7292, -1.0486,  0.0129,  1.4241,  0.6766]
[output] 0.3643878591423114
[input_vals] [-0.9442,  1.0472,  0.0259,  1.3633,  1.7292, -1.0486,  0.0129,  1.4241,  0.6564]
[output] 0.29620773538337386
[input_vals] [-0.9442,  1.0472,  0.0259,  1.3633,  1.7292, -1.0486,  0.0129,  1.4241,  0.558 ]
[output] 0.16449916605419707
[input_vals] [-0.9442,  1.0472,  0.0259,  1.3633,  1.7292, -1.0486,  0.0129,  1.4241,  0.6276]
[output] 0.20723821776321683
[input_vals] [-0.9442,  1.0472,  0.0259,  1.3633,  1.7292, -1.0486,  0.0129,  1.4241,  0.5245]
[output] 0.22309297596132505
[input_vals] [-0.9442,  1.0472,  0.0259,  1.3633,  1.7292, -1.0486,  0.0129,  1.4241,  0.6552]
[output] 0.2918712479654098
[input_vals] [-0.9442,  1.0472,  0.0259,  1.3633,  1.7292, -1.0486,  0.0129,  1.4241,  0.6564]
[output] 0.2962761006571603
[input_vals] [-0.9442,  1.0472,  0.0259,  1.3633,  1.7292, -1.0486,  0.0129,  1.4241,  0.5057]
[output] 0.2510910087890903
[input_vals] [-0.9442,  1.0472,  0.0259,  1.3633,  1.7292, -1.0486,  0.0129,  1.4241,  0.6363]
[output] 0.2312688499789872
[input_vals] [-0.9442,  1.0472,  0.0259,  1.3633,  1.7292, -1.0486,  0.0129,  1.4241,  0.567 ]
[output] 0.1469458680133933
[input_vals] [-0.9442,  1.0472,  0.0259,  1.3633,  1.7292, -1.0486,  0.0129,  1.4241,  0.5498]
[output] 0.1799288834789278
[input_vals] [-0.9442,  1.0472,  0.0259,  1.3633,  1.7292, -1.0486,  0.0129,  1.4241,  0.5202]
[output] 0.2297286063353909
[input_vals] [-0.9442,  1.0472,  0.0259,  1.3633,  1.7292, -1.0486,  0.0129,  1.4241,  0.6343]
[output] 0.22537860422154382
[input_vals] [-0.9442,  1.0472,  0.0259,  1.3633,  1.7292, -1.0486,  0.0129,  1.4241,  0.4939]
[output] 0.267282985412652
[input_vals] [-0.9442,  1.0472,  0.0259,  1.3633,  1.7292, -1.0486,  0.0129,  1.4241,  0.4925]
[output] 0.26916527211527963
[input_vals] [-0.9442,  1.0472,  0.0259,  1.3633,  1.7292, -1.0486,  0.0129,  1.4241,  0.6469]
[output] 0.26385905806183274
[input_vals] [-0.9442,  1.0472,  0.0259,  1.3633,  1.7292, -1.0486,  0.0129,  1.4241,  0.661 ]
[output] 0.3127246075662683
[input_vals] [-0.9442,  1.0472,  0.0259,  1.3633,  1.7292, -1.0486,  0.0129,  1.4241,  0.5052]
[output] 0.25182022998036396
[input_vals] [-0.9442,  1.0472,  0.0259,  1.3633,  1.7292, -1.0486,  0.0129,  1.4241,  0.4913]
[output] 0.2707332425565006
[input_vals] [-0.9442,  1.0472,  0.0259,  1.3633,  1.7292, -1.0486,  0.0129,  1.4241,  0.5762]
[output] 0.1
