[input_vals] [-0.9367,  1.1069,  0.0933,  1.3869,  1.7292, -1.0486,  0.0129,  1.4241,  0.5833]
[output] 0.1
[input_vals] [-0.921 ,  0.9533,  0.0879,  1.4044,  1.7292, -1.0486,  0.0129,  1.4241,  0.5833]
[output] 0.1
[input_vals] [-0.9235,  1.0565,  0.07  ,  1.3829,  1.7292, -1.0486,  0.0129,  1.4241,  0.5833]
[output] 0.1
[input_vals] [-1.0327,  1.0728,  0.0752,  1.422 ,  1.7292, -1.0486,  0.0129,  1.4241,  0.5833]
[output] 0.14890832023859157
[input_vals] [-1.0304,  1.0539,  0.0724,  1.3941,  1.7292, -1.0486,  0.0129,  1.4241,  0.5833]
[output] 0.16241832816692245
[input_vals] [-0.9307,  0.9911,  0.0521,  1.2642,  1.7292, -1.0486,  0.0129,  1.4241,  0.5833]
[output] 0.1
[input_vals] [-0.9889,  1.0096, -0.0537,  1.3342,  1.7292, -1.0486,  0.0129,  1.4241,  0.5833]
[output] 0.1
[input_vals] [-0.9007,  1.1329,  0.0037,  1.3797,  1.7292, -1.0486,  0.0129,  1.4241,  0.5833]
[output] 0.16935305904728776
[input_vals] [-1.014 ,  1.0078, -0.0663,  1.3236,  1.7292, -1.0486,  0.0129,  1.4241,  0.5833]
[output] 0.1513529662901782
[input_vals] [-0.9825,  1.0416,  0.0595,  1.4173,  1.7292, -1.0486,  0.0129,  1.4241,  0.5833]
[output] 0.1
[input_vals] [-0.9875,  1.0067,  0.082 ,  1.338 ,  1.7292, -1.0486,  0.0129,  1.4241,  0.5833]
[output] 0.1727347416775099
[input_vals] [-0.889 ,  1.0699, -0.0534,  1.3361,  1.7292, -1.0486,  0.0129,  1.4241,  0.5833]
[output] 0.1
[input_vals] [-0.8602,  0.9794,  0.0742,  1.4526,  1.7292, -1.0486,  0.0129,  1.4241,  0.5833]
[output] 0.15386093900941722
[input_vals] [-0.852 ,  1.133 ,  0.0286,  1.3614,  1.7292, -1.0486,  0.0129,  1.4241,  0.5833]
[output] 0.1981619009990024
[input_vals] [-0.928 ,  1.0177, -0.0102,  1.4266,  1.7292, -1.0486,  0.0129,  1.4241,  0.5833]
[output] 0.1
[input_vals] [-0.9264,  1.0701, -0.0005,  1.292 ,  1.7292, -1.0486,  0.0129,  1.4241,  0.5833]
[output] 0.1
[input_vals] [-0.894 ,  1.0245,  0.0717,  1.4204,  1.7292, -1.0486,  0.0129,  1.4241,  0.5833]
[output] 0.1
[input_vals] [-0.9227,  1.0663, -0.0273,  1.4627,  1.7292, -1.0486,  0.0129,  1.4241,  0.5833]
[output] 0.1589796106819059
[input_vals] [-0.8596,  1.0408,  0.0096,  1.2725,  1.7292, -1.0486,  0.0129,  1.4241,  0.5833]
[output] 0.1
[input_vals] [-0.9   ,  1.0369,  0.0553,  1.3364,  1.7292, -1.0486,  0.0129,  1.4241,  0.5833]
[output] 0.1
[input_vals] [-0.8677,  1.1234, -0.0658,  1.4194,  1.7292, -1.0486,  0.0129,  1.4241,  0.5833]
[output] 0.20685756316585194
[input_vals] [-0.9673,  0.9766, -0.0675,  1.3577,  1.7292, -1.0486,  0.0129,  1.4241,  0.5833]
[output] 0.14884060620822
[input_vals] [-1.0389,  1.0083,  0.058 ,  1.3486,  1.7292, -1.0486,  0.0129,  1.4241,  0.5833]
[output] 0.18699069648417926
[input_vals] [-0.9447,  1.1156,  0.005 ,  1.3227,  1.7292, -1.0486,  0.0129,  1.4241,  0.5833]
[output] 0.1
[input_vals] [-0.9357,  1.0452,  0.1047,  1.3346,  1.7292, -1.0486,  0.0129,  1.4241,  0.5833]
[output] 0.1
[input_vals] [-0.9998,  1.1159, -0.0239,  1.3322,  1.7292, -1.0486,  0.0129,  1.4241,  0.5833]
[output] 0.1
[input_vals] [-0.867 ,  1.1011,  0.0381,  1.4203,  1.7292, -1.0486,  0.0129,  1.4241,  0.5833]
[output] 0.19283486741392414
[input_vals] [-0.8605,  1.026 , -0.0495,  1.3422,  1.7292, -1.0486,  0.0129,  1.4241,  0.5833]
[output] 0.1420367985173717
[input_vals] [-0.9276,  1.1046, -0.0106,  1.3255,  1.7292, -1.0486,  0.0129,  1.4241,  0.5833]
[output] 0.1
[input_vals] [-0.9604,  1.0505,  0.0747,  1.4393,  1.7292, -1.0486,  0.0129,  1.4241,  0.5833]
[output] 0.1
[input_vals] [-1.0297,  0.9971, -0.0628,  1.3759,  1.7292, -1.0486,  0.0129,  1.4241,  0.5833]
[output] 0.16199439247837427
[input_vals] [-0.9352,  1.135 , -0.0067,  1.4058,  1.7292, -1.0486,  0.0129,  1.4241,  0.5833]
[output] 0.15621169372205346
[input_vals] [-1.0183,  1.0707,  0.1083,  1.4307,  1.7292, -1.0486,  0.0129,  1.4241,  0.5833]
[output] 0.1453041145239748
[input_vals] [-0.9314,  1.1315, -0.0584,  1.4317,  1.7292, -1.0486,  0.0129,  1.4241,  0.5833]
[output] 0.16422532367734793
[input_vals] [-1.0198,  1.0962, -0.0448,  1.422 ,  1.7292, -1.0486,  0.0129,  1.4241,  0.5833]
[output] 0.1
[input_vals] [-0.8832,  1.0408, -0.0425,  1.3516,  1.7292, -1.0486,  0.0129,  1.4241,  0.5833]
[output] 0.1
[input_vals] [-0.9913,  0.9481, -0.0136,  1.3981,  1.7292, -1.0486,  0.0129,  1.4241,  0.5833]
[output] 0.1769966325262969
[input_vals] [-0.9617,  1.0893,  0.104 ,  1.2722,  1.7292, -1.0486,  0.0129,  1.4241,  0.5833]
[output] 0.1
[input_vals] [-0.9456,  1.0633, -0.009 ,  1.404 ,  1.7292, -1.0486,  0.0129,  1.4241,  0.5833]
[output] 0.1
[input_vals] [-0.955 ,  1.0674,  0.0133,  1.3916,  1.7292, -1.0486,  0.0129,  1.4241,  0.5833]
[output] 0.1
[input_vals] [-1.0129,  1.1446, -0.0065,  1.3869,  1.7292, -1.0486,  0.0129,  1.4241,  0.5833]
[output] 0.1
[input_vals] [-0.9329,  1.1281,  0.0183,  1.4597,  1.7292, -1.0486,  0.0129,  1.4241,  0.5833]
[output] 0.17269139601014977
[input_vals] [-0.8457,  1.1161, -0.0452,  1.27  ,  1.7292, -1.0486,  0.0129,  1.4241,  0.5833]
[output] 0.17564528302603655
[input_vals] [-0.9218,  0.9592, -0.0386,  1.4475,  1.7292, -1.0486,  0.0129,  1.4241,  0.5833]
[output] 0.1
[input_vals] [-0.9377,  1.0603,  0.0642,  1.275 ,  1.7292, -1.0486,  0.0129,  1.4241,  0.5833]
[output] 0.1
[input_vals] [-0.9328,  1.1161, -0.0008,  1.2822,  1.7292, -1.0486,  0.0129,  1.4241,  0.5833]
[output] 0.1
[input_vals] [-0.9954,  1.0582,  0.0821,  1.2712,  1.7292, -1.0486,  0.0129,  1.4241,  0.5833]
[output] 0.1
[input_vals] [-0.8892,  0.9899,  0.0628,  1.2747,  1.7292, -1.0486,  0.0129,  1.4241,  0.5833]
[output] 0.1
[input_vals] [-0.8563,  1.0122, -0.0351,  1.4055,  1.7292, -1.0486,  0.0129,  1.4241,  0.5833]
[output] 0.15939015418920668
[input_vals] [-0.897 ,  1.0997,  0.1171,  1.38  ,  1.7292, -1.0486,  0.0129,  1.4241,  0.5833]
[output] 0.15099622027782164
[input_vals] [-0.9095,  1.1073, -0.062 ,  1.3081,  1.7292, -1.0486,  0.0129,  1.4241,  0.5833]
[output] 0.1
[input_vals] [-0.9768,  0.9984, -0.0188,  1.3964,  1.7292, -1.0486,  0.0129,  1.4241,  0.5833]
[output] 0.1
[input_vals] [-0.9167,  1.0739,  0.0709,  1.3458,  1.7292, -1.0486,  0.0129,  1.4241,  0.5833]
[output] 0.1
[input_vals] [-1.0381,  1.0961, -0.0266,  1.2873,  1.7292, -1.0486,  0.0129,  1.4241,  0.5833]
[output] 0.1
[input_vals] [-0.9197,  0.96  , -0.0251,  1.379 ,  1.7292, -1.0486,  0.0129,  1.4241,  0.5833]
[output] 0.1
[input_vals] [-0.8684,  1.0246, -0.0459,  1.2941,  1.7292, -1.0486,  0.0129,  1.4241,  0.5833]
[output] 0.1
[input_vals] [-0.9289,  0.9897, -0.0507,  1.3975,  1.7292, -1.0486,  0.0129,  1.4241,  0.5833]
[output] 0.1
[input_vals] [-0.9651,  1.0987,  0.0833,  1.4125,  1.7292, -1.0486,  0.0129,  1.4241,  0.5833]
[output] 0.1
[input_vals] [-1.0437,  1.0273, -0.0552,  1.2932,  1.7292, -1.0486,  0.0129,  1.4241,  0.5833]
[output] 0.16512802099222162
[input_vals] [-0.8972,  0.9867,  0.1126,  1.327 ,  1.7292, -1.0486,  0.0129,  1.4241,  0.5833]
[output] 0.1
[input_vals] [-0.9926,  0.9835,  0.0338,  1.3827,  1.7292, -1.0486,  0.0129,  1.4241,  0.5833]
[output] 0.17116082167733315
[input_vals] [-1.0281,  1.1134,  0.0311,  1.4054,  1.7292, -1.0486,  0.0129,  1.4241,  0.5833]
[output] 0.1
[input_vals] [-0.9679,  0.9743,  0.0779,  1.4485,  1.7292, -1.0486,  0.0129,  1.4241,  0.5833]
[output] 0.15057551582523956
[input_vals] [-0.9036,  1.0608, -0.0248,  1.2765,  1.7292, -1.0486,  0.0129,  1.4241,  0.5833]
[output] 0.1
[input_vals] [-0.9526,  1.0689,  0.0465,  1.4269,  1.7292, -1.0486,  0.0129,  1.4241,  0.5833]
[output] 0.1
[input_vals] [-0.861 ,  1.0831,  0.0387,  1.3378,  1.7292, -1.0486,  0.0129,  1.4241,  0.5833]
[output] 0.16124653729740324
[input_vals] [-0.8841,  0.999 , -0.0632,  1.4062,  1.7292, -1.0486,  0.0129,  1.4241,  0.5833]
[output] 0.14268857345103855
[input_vals] [-0.9742,  1.0451,  0.0453,  1.4109,  1.7292, -1.0486,  0.0129,  1.4241,  0.5833]
[output] 0.1
[input_vals] [-0.8659,  1.0208, -0.0561,  1.3674,  1.7292, -1.0486,  0.0129,  1.4241,  0.5833]
[output] 0.14484396228812957
[input_vals] [-1.0273,  1.0007,  0.0783,  1.399 ,  1.7292, -1.0486,  0.0129,  1.4241,  0.5833]
[output] 0.18526231793440182
[input_vals] [-0.8868,  1.0709, -0.0174,  1.4333,  1.7292, -1.0486,  0.0129,  1.4241,  0.5833]
[output] 0.17152859279306099
[input_vals] [-0.9905,  1.0059, -0.0598,  1.3617,  1.7292, -1.0486,  0.0129,  1.4241,  0.5833]
[output] 0.1496006143561428
[input_vals] [-0.8443,  1.063 ,  0.0939,  1.3758,  1.7292, -1.0486,  0.0129,  1.4241,  0.5833]
[output] 0.1758819623473043
[input_vals] [-0.9264,  0.9544,  0.0533,  1.4527,  1.7292, -1.0486,  0.0129,  1.4241,  0.5833]
[output] 0.1
[input_vals] [-1.0292,  1.0058,  0.0407,  1.4335,  1.7292, -1.0486,  0.0129,  1.4241,  0.5833]
[output] 0.17359952686256608
[input_vals] [-0.9175,  1.0249,  0.0158,  1.3143,  1.7292, -1.0486,  0.0129,  1.4241,  0.5833]
[output] 0.1
[input_vals] [-0.9104,  1.1079,  0.1113,  1.4024,  1.7292, -1.0486,  0.0129,  1.4241,  0.5833]
[output] 0.15286610213234406
[input_vals] [-0.9015,  1.0799, -0.06  ,  1.27  ,  1.7292, -1.0486,  0.0129,  1.4241,  0.5833]
[output] 0.1584521181506924
[input_vals] [-0.9043,  0.9961,  0.0253,  1.4417,  1.7292, -1.0486,  0.0129,  1.4241,  0.5833]
[output] 0.1
[input_vals] [-0.867 ,  0.9722,  0.1027,  1.2923,  1.7292, -1.0486,  0.0129,  1.4241,  0.5833]
[output] 0.1
[input_vals] [-0.8883,  1.066 , -0.0323,  1.3064,  1.7292, -1.0486,  0.0129,  1.4241,  0.5833]
[output] 0.1
[input_vals] [-0.9214,  1.0378, -0.0185,  1.2783,  1.7292, -1.0486,  0.0129,  1.4241,  0.5833]
[output] 0.1
[input_vals] [-0.9502,  1.008 ,  0.0776,  1.3727,  1.7292, -1.0486,  0.0129,  1.4241,  0.5833]
[output] 0.1
[input_vals] [-0.8874,  0.9615,  0.0552,  1.3704,  1.7292, -1.0486,  0.0129,  1.4241,  0.5833]
[output] 0.1
[input_vals] [-1.0397,  1.0005, -0.0424,  1.4224,  1.7292, -1.0486,  0.0129,  1.4241,  0.5833]
[output] 0.17092501617488892
[input_vals] [-0.9042,  1.0736,  0.0618,  1.3346,  1.7292, -1.0486,  0.0129,  1.4241,  0.5833]
[output] 0.1
[input_vals] [-0.8596,  1.0706,  0.0218,  1.3922,  1.7292, -1.0486,  0.0129,  1.4241,  0.5833]
[output] 0.1749854546449495
[input_vals] [-0.9611,  1.1021,  0.1091,  1.3761,  1.7292, -1.0486,  0.0129,  1.4241,  0.5833]
[output] 0.1
[input_vals] [-0.9208,  0.998 , -0.0502,  1.3443,  1.7292, -1.0486,  0.0129,  1.4241,  0.5833]
[output] 0.1
[input_vals] [-0.9698,  1.0008,  0.0405,  1.2819,  1.7292, -1.0486,  0.0129,  1.4241,  0.5833]
[output] 0.14900759354228482
[input_vals] [-0.916 ,  1.0839,  0.1115,  1.2795,  1.7292, -1.0486,  0.0129,  1.4241,  0.5833]
[output] 0.1
[input_vals] [-0.9695,  1.0948,  0.0039,  1.3446,  1.7292, -1.0486,  0.0129,  1.4241,  0.5833]
[output] 0.1
[input_vals] [-1.0274,  1.0543, -0.0624,  1.4317,  1.7292, -1.0486,  0.0129,  1.4241,  0.5833]
[output] 0.1
[input_vals] [-0.9802,  1.0334,  0.0476,  1.3236,  1.7292, -1.0486,  0.0129,  1.4241,  0.5833]
[output] 0.14941639639843995
[input_vals] [-0.8999,  0.9612,  0.0835,  1.2847,  1.7292, -1.0486,  0.0129,  1.4241,  0.5833]
[output] 0.14976268663986347
[input_vals] [-0.8489,  1.0107,  0.0683,  1.4119,  1.7292, -1.0486,  0.0129,  1.4241,  0.5833]
[output] 0.16331530369867173
[input_vals] [-1.0023,  0.9619,  0.1194,  1.3458,  1.7292, -1.0486,  0.0129,  1.4241,  0.5833]
[output] 0.2023720835961229
[input_vals] [-1.0296,  1.0091,  0.0447,  1.3059,  1.7292, -1.0486,  0.0129,  1.4241,  0.5833]
[output] 0.17682969996997538
[input_vals] [-0.9743,  1.0603,  0.1064,  1.3446,  1.7292, -1.0486,  0.0129,  1.4241,  0.5833]
[output] 0.1
[input_vals] [-0.8898,  1.0837, -0.0433,  1.4573,  1.7292, -1.0486,  0.0129,  1.4241,  0.5833]
[output] 0.18341464545889857
[input_vals] [-0.9738,  1.1212,  0.0533,  1.3522,  1.7292, -1.0486,  0.0129,  1.4241,  0.5833]
[output] 0.1
[input_vals] [-0.8665,  0.9641,  0.009 ,  1.4192,  1.7292, -1.0486,  0.0129,  1.4241,  0.5833]
[output] 0.1
[input_vals] [-0.8933,  1.0428, -0.0291,  1.3354,  1.7292, -1.0486,  0.0129,  1.4241,  0.5833]
[output] 0.1
[input_vals] [-0.9024,  1.0593,  0.022 ,  1.2897,  1.7292, -1.0486,  0.0129,  1.4241,  0.5833]
[output] 0.1
[input_vals] [-1.0138,  1.0335, -0.0191,  1.414 ,  1.7292, -1.0486,  0.0129,  1.4241,  0.5833]
[output] 0.14385369222603328
[input_vals] [-0.9448,  0.956 , -0.0052,  1.3363,  1.7292, -1.0486,  0.0129,  1.4241,  0.5833]
[output] 0.15598180420350144
[input_vals] [-1.0076,  1.0189,  0.0438,  1.3374,  1.7292, -1.0486,  0.0129,  1.4241,  0.5833]
[output] 0.16726831009379306
[input_vals] [-0.87  ,  1.1043,  0.1245,  1.3808,  1.7292, -1.0486,  0.0129,  1.4241,  0.5833]
[output] 0.1764592787463699
[input_vals] [-0.8456,  1.0963,  0.0514,  1.3148,  1.7292, -1.0486,  0.0129,  1.4241,  0.5833]
[output] 0.16880931850356962
[input_vals] [-0.8878,  0.9538,  0.0045,  1.3556,  1.7292, -1.0486,  0.0129,  1.4241,  0.5833]
[output] 0.1
[input_vals] [-0.973 ,  1.0482,  0.0835,  1.2807,  1.7292, -1.0486,  0.0129,  1.4241,  0.5833]
[output] 0.1
[input_vals] [-0.8655,  1.1198,  0.0261,  1.4436,  1.7292, -1.0486,  0.0129,  1.4241,  0.5833]
[output] 0.21353257187753583
[input_vals] [-0.8706,  0.9736,  0.0588,  1.3684,  1.7292, -1.0486,  0.0129,  1.4241,  0.5833]
[output] 0.1
[input_vals] [-0.859 ,  0.972 ,  0.0964,  1.3635,  1.7292, -1.0486,  0.0129,  1.4241,  0.5833]
[output] 0.1
[input_vals] [-1.0359,  1.0334,  0.0937,  1.3523,  1.7292, -1.0486,  0.0129,  1.4241,  0.5833]
[output] 0.18696328365149822
[input_vals] [-1.0333,  1.0125,  0.0967,  1.3679,  1.7292, -1.0486,  0.0129,  1.4241,  0.5833]
[output] 0.19195562614892764
[input_vals] [-0.9437,  1.0388, -0.0181,  1.4295,  1.7292, -1.0486,  0.0129,  1.4241,  0.5833]
[output] 0.1
[input_vals] [-1.0288,  1.135 , -0.0568,  1.2868,  1.7292, -1.0486,  0.0129,  1.4241,  0.5833]
[output] 0.1
[input_vals] [-0.9905,  0.9931,  0.1239,  1.2716,  1.7292, -1.0486,  0.0129,  1.4241,  0.5833]
[output] 0.17240958188631594
[input_vals] [-0.9175,  0.9474, -0.0264,  1.4376,  1.7292, -1.0486,  0.0129,  1.4241,  0.5833]
[output] 0.1
[input_vals] [-0.8899,  1.0948, -0.0483,  1.3962,  1.7292, -1.0486,  0.0129,  1.4241,  0.5833]
[output] 0.16727486188959656
[input_vals] [-0.9492,  1.0885, -0.039 ,  1.3447,  1.7292, -1.0486,  0.0129,  1.4241,  0.5833]
[output] 0.1
[input_vals] [-0.9859,  1.0667,  0.0229,  1.2759,  1.7292, -1.0486,  0.0129,  1.4241,  0.5833]
[output] 0.1
[input_vals] [-1.012 ,  1.0584, -0.0019,  1.4095,  1.7292, -1.0486,  0.0129,  1.4241,  0.5833]
[output] 0.1
[input_vals] [-1.016 ,  1.075 , -0.0337,  1.3711,  1.7292, -1.0486,  0.0129,  1.4241,  0.5833]
[output] 0.1
[input_vals] [-0.9504,  1.0368,  0.0261,  1.3291,  1.7292, -1.0486,  0.0129,  1.4241,  0.5833]
[output] 0.1
[input_vals] [-0.9952,  1.1092,  0.0802,  1.3541,  1.7292, -1.0486,  0.0129,  1.4241,  0.5833]
[output] 0.1
[input_vals] [-0.8472,  1.0311, -0.0037,  1.3359,  1.7292, -1.0486,  0.0129,  1.4241,  0.5833]
[output] 0.14949427114094313
[input_vals] [-0.8446,  1.1443,  0.1231,  1.2815,  1.7292, -1.0486,  0.0129,  1.4241,  0.5833]
[output] 0.17760413704461703
[input_vals] [-0.9473,  1.129 , -0.0059,  1.3748,  1.7292, -1.0486,  0.0129,  1.4241,  0.5833]
[output] 0.1
[input_vals] [-1.0131,  1.0926,  0.0844,  1.2965,  1.7292, -1.0486,  0.0129,  1.4241,  0.5833]
[output] 0.1
[input_vals] [-0.9048,  1.0434,  0.0602,  1.2667,  1.7292, -1.0486,  0.0129,  1.4241,  0.5833]
[output] 0.1
[input_vals] [-0.8722,  1.111 ,  0.0879,  1.3369,  1.7292, -1.0486,  0.0129,  1.4241,  0.5833]
[output] 0.16510668392151454
[input_vals] [-0.947 ,  1.0797,  0.1046,  1.4208,  1.7292, -1.0486,  0.0129,  1.4241,  0.5833]
[output] 0.1
[input_vals] [-0.8599,  1.1334,  0.1058,  1.4028,  1.7292, -1.0486,  0.0129,  1.4241,  0.5833]
[output] 0.20434455427867793
[input_vals] [-0.8495,  1.1252, -0.0507,  1.3165,  1.7292, -1.0486,  0.0129,  1.4241,  0.5833]
[output] 0.18984426566003365
[input_vals] [-1.0304,  1.0492,  0.0091,  1.4394,  1.7292, -1.0486,  0.0129,  1.4241,  0.5833]
[output] 0.14468476365720062
[input_vals] [-0.9994,  1.1049,  0.0768,  1.2916,  1.7292, -1.0486,  0.0129,  1.4241,  0.5833]
[output] 0.1
[input_vals] [-0.9712,  1.1404, -0.0469,  1.4392,  1.7292, -1.0486,  0.0129,  1.4241,  0.5833]
[output] 0.14583936174203818
[input_vals] [-0.8821,  1.0355, -0.0394,  1.4286,  1.7292, -1.0486,  0.0129,  1.4241,  0.5833]
[output] 0.15988024970789225
[input_vals] [-1.0224,  1.034 ,  0.0733,  1.2692,  1.7292, -1.0486,  0.0129,  1.4241,  0.5833]
[output] 0.17380752278968292
[input_vals] [-1.0209,  1.1261,  0.0354,  1.439 ,  1.7292, -1.0486,  0.0129,  1.4241,  0.5833]
[output] 0.1
[input_vals] [-1.0267,  1.1442,  0.0341,  1.3875,  1.7292, -1.0486,  0.0129,  1.4241,  0.5833]
[output] 0.1
[input_vals] [-0.9818,  1.1358,  0.1073,  1.4617,  1.7292, -1.0486,  0.0129,  1.4241,  0.5833]
[output] 0.1
[input_vals] [-1.0246,  1.0262,  0.1214,  1.3101,  1.7292, -1.0486,  0.0129,  1.4241,  0.5833]
[output] 0.1
[input_vals] [-0.8595,  1.0609, -0.0324,  1.3616,  1.7292, -1.0486,  0.0129,  1.4241,  0.5833]
[output] 0.16212324214301302
[input_vals] [-0.8819,  1.0688, -0.0451,  1.4058,  1.7292, -1.0486,  0.0129,  1.4241,  0.5833]
[output] 0.16484007686262908
[input_vals] [-0.8483,  1.1235,  0.0289,  1.3181,  1.7292, -1.0486,  0.0129,  1.4241,  0.5833]
[output] 0.1822727233371601
[input_vals] [-0.9489,  1.0376,  0.0796,  1.4484,  1.7292, -1.0486,  0.0129,  1.4241,  0.5833]
[output] 0.1
[input_vals] [-0.8982,  1.0544, -0.0322,  1.4272,  1.7292, -1.0486,  0.0129,  1.4241,  0.5833]
[output] 0.1569068909874289
[input_vals] [-1.0347,  1.0794, -0.0374,  1.332 ,  1.7292, -1.0486,  0.0129,  1.4241,  0.5833]
[output] 0.1
[input_vals] [-0.86  ,  1.0966,  0.0439,  1.2931,  1.7292, -1.0486,  0.0129,  1.4241,  0.5833]
[output] 0.1537736961058019
[input_vals] [-0.8488,  1.0831,  0.0433,  1.3169,  1.7292, -1.0486,  0.0129,  1.4241,  0.5833]
[output] 0.16201884939454358
[input_vals] [-0.9639,  1.1402,  0.0367,  1.4388,  1.7292, -1.0486,  0.0129,  1.4241,  0.5833]
[output] 0.1505009020997076
[input_vals] [-0.8805,  0.973 , -0.0491,  1.3248,  1.7292, -1.0486,  0.0129,  1.4241,  0.5833]
[output] 0.1
[input_vals] [-0.926 ,  1.1398,  0.0849,  1.4191,  1.7292, -1.0486,  0.0129,  1.4241,  0.5833]
[output] 0.16783466332672628
[input_vals] [-1.0063,  1.1043,  0.1031,  1.3231,  1.7292, -1.0486,  0.0129,  1.4241,  0.5833]
[output] 0.1
[input_vals] [-0.8472,  1.0851,  0.1187,  1.4517,  1.7292, -1.0486,  0.0129,  1.4241,  0.5833]
[output] 0.2170305463990655
[input_vals] [-1.0237,  1.0844,  0.0905,  1.3134,  1.7292, -1.0486,  0.0129,  1.4241,  0.5833]
[output] 0.15119695250941678
[input_vals] [-0.961 ,  1.0742,  0.0239,  1.3951,  1.7292, -1.0486,  0.0129,  1.4241,  0.5833]
[output] 0.1
[input_vals] [-0.944 ,  1.0558,  0.0893,  1.4175,  1.7292, -1.0486,  0.0129,  1.4241,  0.5833]
[output] 0.1
[input_vals] [-1.0307,  1.0281,  0.0917,  1.3686,  1.7292, -1.0486,  0.0129,  1.4241,  0.5833]
[output] 0.1847045813935344
[input_vals] [-0.9621,  0.9531,  0.0135,  1.4458,  1.7292, -1.0486,  0.0129,  1.4241,  0.5833]
[output] 0.145416076540048
[input_vals] [-0.8881,  1.0396,  0.0466,  1.2664,  1.7292, -1.0486,  0.0129,  1.4241,  0.5833]
[output] 0.1
[input_vals] [-0.8502,  1.0829,  0.1256,  1.3701,  1.7292, -1.0486,  0.0129,  1.4241,  0.5833]
[output] 0.1773367264047777
[input_vals] [-0.9874,  1.0156,  0.1166,  1.2851,  1.7292, -1.0486,  0.0129,  1.4241,  0.5833]
[output] 0.15112724324218335
[input_vals] [-0.8671,  1.0243, -0.0574,  1.4467,  1.7292, -1.0486,  0.0129,  1.4241,  0.5833]
[output] 0.1714098884404805
[input_vals] [-1.0169,  1.0866,  0.0487,  1.2912,  1.7292, -1.0486,  0.0129,  1.4241,  0.5833]
[output] 0.1
[input_vals] [-0.8919,  0.953 ,  0.0949,  1.295 ,  1.7292, -1.0486,  0.0129,  1.4241,  0.5833]
[output] 0.1527337115934369
[input_vals] [-0.8835,  1.099 ,  0.069 ,  1.3059,  1.7292, -1.0486,  0.0129,  1.4241,  0.5833]
[output] 0.14765024991732723
[input_vals] [-1.0041,  1.0522, -0.0158,  1.3007,  1.7292, -1.0486,  0.0129,  1.4241,  0.5833]
[output] 0.1
[input_vals] [-1.0043,  1.0502,  0.0877,  1.4582,  1.7292, -1.0486,  0.0129,  1.4241,  0.5833]
[output] 0.1
[input_vals] [-0.8689,  0.9917,  0.0778,  1.4087,  1.7292, -1.0486,  0.0129,  1.4241,  0.5833]
[output] 0.1
[input_vals] [-0.8924,  1.0926,  0.0355,  1.3121,  1.7292, -1.0486,  0.0129,  1.4241,  0.5833]
[output] 0.14212089800686736
[input_vals] [-0.9541,  1.0353, -0.0582,  1.3928,  1.7292, -1.0486,  0.0129,  1.4241,  0.5833]
[output] 0.1
[input_vals] [-0.9545,  1.1315, -0.0168,  1.3545,  1.7292, -1.0486,  0.0129,  1.4241,  0.5833]
[output] 0.1
[input_vals] [-0.9747,  0.9524, -0.0681,  1.3493,  1.7292, -1.0486,  0.0129,  1.4241,  0.5833]
[output] 0.1
[input_vals] [-0.9771,  1.0112, -0.0244,  1.415 ,  1.7292, -1.0486,  0.0129,  1.4241,  0.5833]
[output] 0.1
[input_vals] [-1.0121,  1.1011,  0.0294,  1.2825,  1.7292, -1.0486,  0.0129,  1.4241,  0.5833]
[output] 0.1
[input_vals] [-1.0022,  1.0106,  0.0184,  1.3489,  1.7292, -1.0486,  0.0129,  1.4241,  0.5833]
[output] 0.16457890844680767
[input_vals] [-0.9645,  1.0418,  0.0977,  1.3854,  1.7292, -1.0486,  0.0129,  1.4241,  0.5833]
[output] 0.1
[input_vals] [-0.8968,  1.101 , -0.0717,  1.3758,  1.7292, -1.0486,  0.0129,  1.4241,  0.5833]
[output] 0.16012125908785946
[input_vals] [-0.9132,  1.1294, -0.011 ,  1.4137,  1.7292, -1.0486,  0.0129,  1.4241,  0.5833]
[output] 0.17006312503224336
[input_vals] [-0.8549,  0.9648, -0.0623,  1.298 ,  1.7292, -1.0486,  0.0129,  1.4241,  0.5833]
[output] 0.1
[input_vals] [-0.9924,  1.1084,  0.0999,  1.3413,  1.7292, -1.0486,  0.0129,  1.4241,  0.5833]
[output] 0.1
[input_vals] [-0.929 ,  1.0579,  0.015 ,  1.3307,  1.7292, -1.0486,  0.0129,  1.4241,  0.5833]
[output] 0.1
[input_vals] [-1.0115,  1.0061, -0.0138,  1.3784,  1.7292, -1.0486,  0.0129,  1.4241,  0.5833]
[output] 0.16379824430676038
[input_vals] [-0.8669,  1.0658, -0.0289,  1.3173,  1.7292, -1.0486,  0.0129,  1.4241,  0.5833]
[output] 0.14590048480838524
[input_vals] [-0.9279,  1.1045, -0.0298,  1.3467,  1.7292, -1.0486,  0.0129,  1.4241,  0.5833]
[output] 0.1
[input_vals] [-0.9146,  0.9805,  0.0249,  1.3368,  1.7292, -1.0486,  0.0129,  1.4241,  0.5833]
[output] 0.1
[input_vals] [-0.8997,  1.0635,  0.008 ,  1.2776,  1.7292, -1.0486,  0.0129,  1.4241,  0.5833]
[output] 0.1
[input_vals] [-0.9587,  1.0119, -0.0309,  1.4527,  1.7292, -1.0486,  0.0129,  1.4241,  0.5833]
[output] 0.1
[input_vals] [-1.0438,  1.1396,  0.087 ,  1.4347,  1.7292, -1.0486,  0.0129,  1.4241,  0.5833]
[output] 0.1
[input_vals] [-0.9153,  1.0113,  0.0573,  1.4178,  1.7292, -1.0486,  0.0129,  1.4241,  0.5833]
[output] 0.1
[input_vals] [-0.993 ,  1.1063, -0.0612,  1.3739,  1.7292, -1.0486,  0.0129,  1.4241,  0.5833]
[output] 0.1
[input_vals] [-0.9601,  1.0961, -0.072 ,  1.389 ,  1.7292, -1.0486,  0.0129,  1.4241,  0.5833]
[output] 0.1
[input_vals] [-0.9997,  1.0293,  0.0179,  1.3385,  1.7292, -1.0486,  0.0129,  1.4241,  0.5833]
[output] 0.15460837932602528
[input_vals] [-0.9307,  1.131 , -0.0457,  1.313 ,  1.7292, -1.0486,  0.0129,  1.4241,  0.5833]
[output] 0.1
[input_vals] [-0.9061,  1.0069,  0.0312,  1.4512,  1.7292, -1.0486,  0.0129,  1.4241,  0.5833]
[output] 0.1
[input_vals] [-0.8856,  0.9808, -0.0707,  1.3847,  1.7292, -1.0486,  0.0129,  1.4241,  0.5833]
[output] 0.1
