[input_vals] [-0.9442,  1.0472,  0.0259,  1.3633,  1.7539, -1.0996, -0.0123,  1.3756,  0.5833]
[output] 0.1453896922404782
[input_vals] [-0.9442,  1.0472,  0.0259,  1.3633,  1.6423, -1.1289,  0.0536,  1.4689,  0.5833]
[output] 0.16133488993828632
[input_vals] [-0.9442,  1.0472,  0.0259,  1.3633,  1.7368, -1.0906, -0.0083,  1.3797,  0.5833]
[output] 0.1
[input_vals] [-0.9442,  1.0472,  0.0259,  1.3633,  1.6467, -1.0764, -0.0339,  1.4767,  0.5833]
[output] 0.15127131903144833
[input_vals] [-0.9442,  1.0472,  0.0259,  1.3633,  1.8151, -0.9782,  0.0539,  1.3443,  0.5833]
[output] 0.1
[input_vals] [-0.9442,  1.0472,  0.0259,  1.3633,  1.7442, -0.9587, -0.0037,  1.4455,  0.5833]
[output] 0.1
[input_vals] [-0.9442,  1.0472,  0.0259,  1.3633,  1.6494, -1.0959,  0.1116,  1.484 ,  0.5833]
[output] 0.1
[input_vals] [-0.9442,  1.0472,  0.0259,  1.3633,  1.8025, -1.0378,  0.0116,  1.3931,  0.5833]
[output] 0.15938900133011247
[input_vals] [-0.9442,  1.0472,  0.0259,  1.3633,  1.7998, -0.9493,  0.0392,  1.4139,  0.5833]
[output] 0.1
[input_vals] [-0.9442,  1.0472,  0.0259,  1.3633,  1.6571, -1.0288,  0.0938,  1.4983,  0.5833]
[output] 0.149870398951597
[input_vals] [-0.9442,  1.0472,  0.0259,  1.3633,  1.6968, -1.1264, -0.0364,  1.3849,  0.5833]
[output] 0.1
[input_vals] [-0.9442,  1.0472,  0.0259,  1.3633,  1.7652, -0.9904,  0.0766,  1.5187,  0.5833]
[output] 0.14311964803785907
[input_vals] [-0.9442,  1.0472,  0.0259,  1.3633,  1.6926, -0.9615,  0.1062,  1.4842,  0.5833]
[output] 0.16832515828345934
[input_vals] [-0.9442,  1.0472,  0.0259,  1.3633,  1.7931, -1.0156, -0.0035,  1.4327,  0.5833]
[output] 0.15071409156789206
[input_vals] [-0.9442,  1.0472,  0.0259,  1.3633,  1.6463, -1.0894,  0.0486,  1.4518,  0.5833]
[output] 0.1
[input_vals] [-0.9442,  1.0472,  0.0259,  1.3633,  1.8198, -1.0346, -0.0518,  1.5021,  0.5833]
[output] 0.19579152915525105
[input_vals] [-0.9442,  1.0472,  0.0259,  1.3633,  1.8114, -1.0888,  0.0896,  1.5006,  0.5833]
[output] 0.20350533306824106
[input_vals] [-0.9442,  1.0472,  0.0259,  1.3633,  1.8034, -1.1056, -0.0056,  1.4822,  0.5833]
[output] 0.21232872561294003
[input_vals] [-0.9442,  1.0472,  0.0259,  1.3633,  1.6539, -1.0166, -0.0014,  1.4405,  0.5833]
[output] 0.1856236735329102
[input_vals] [-0.9442,  1.0472,  0.0259,  1.3633,  1.7408, -1.1169, -0.0816,  1.3485,  0.5833]
[output] 0.1
[input_vals] [-0.9442,  1.0472,  0.0259,  1.3633,  1.6297, -1.0114, -0.0632,  1.3356,  0.5833]
[output] 0.2665044924370522
[input_vals] [-0.9442,  1.0472,  0.0259,  1.3633,  1.8211, -0.9594, -0.0268,  1.4165,  0.5833]
[output] 0.14859305624978106
[input_vals] [-0.9442,  1.0472,  0.0259,  1.3633,  1.6944, -1.0753, -0.019 ,  1.3706,  0.5833]
[output] 0.1
[input_vals] [-0.9442,  1.0472,  0.0259,  1.3633,  1.6808, -1.0799,  0.0728,  1.4826,  0.5833]
[output] 0.1
[input_vals] [-0.9442,  1.0472,  0.0259,  1.3633,  1.7941, -1.0826,  0.0915,  1.4955,  0.5833]
[output] 0.18881641709769315
[input_vals] [-0.9442,  1.0472,  0.0259,  1.3633,  1.7165, -1.0086,  0.0026,  1.3702,  0.5833]
[output] 0.1
[input_vals] [-0.9442,  1.0472,  0.0259,  1.3633,  1.7753, -0.9713,  0.0034,  1.4512,  0.5833]
[output] 0.1
[input_vals] [-0.9442,  1.0472,  0.0259,  1.3633,  1.7178, -1.0412, -0.0392,  1.4942,  0.5833]
[output] 0.1
[input_vals] [-0.9442,  1.0472,  0.0259,  1.3633,  1.7455, -1.139 ,  0.0995,  1.5211,  0.5833]
[output] 0.18228927282259288
[input_vals] [-0.9442,  1.0472,  0.0259,  1.3633,  1.646 , -1.1146,  0.0191,  1.477 ,  0.5833]
[output] 0.1
[input_vals] [-0.9442,  1.0472,  0.0259,  1.3633,  1.7526, -0.9899, -0.0167,  1.4891,  0.5833]
[output] 0.1
[input_vals] [-0.9442,  1.0472,  0.0259,  1.3633,  1.8265, -0.9623, -0.0627,  1.3615,  0.5833]
[output] 0.1
[input_vals] [-0.9442,  1.0472,  0.0259,  1.3633,  1.7393, -1.0832, -0.0761,  1.5139,  0.5833]
[output] 0.15037242872226925
[input_vals] [-0.9442,  1.0472,  0.0259,  1.3633,  1.734 , -1.096 , -0.0664,  1.4007,  0.5833]
[output] 0.1
[input_vals] [-0.9442,  1.0472,  0.0259,  1.3633,  1.7741, -0.9602,  0.0688,  1.3296,  0.5833]
[output] 0.1
[input_vals] [-0.9442,  1.0472,  0.0259,  1.3633,  1.7628, -1.0828,  0.0532,  1.4973,  0.5833]
[output] 0.17378605848687495
[input_vals] [-0.9442,  1.0472,  0.0259,  1.3633,  1.7571, -0.9568,  0.02  ,  1.3475,  0.5833]
[output] 0.1
[input_vals] [-0.9442,  1.0472,  0.0259,  1.3633,  1.6907, -1.0945,  0.0118,  1.3921,  0.5833]
[output] 0.1
[input_vals] [-0.9442,  1.0472,  0.0259,  1.3633,  1.7246, -1.1191,  0.1047,  1.4571,  0.5833]
[output] 0.14521535447552417
[input_vals] [-0.9442,  1.0472,  0.0259,  1.3633,  1.7083, -1.1078, -0.0565,  1.5085,  0.5833]
[output] 0.1457852093716911
[input_vals] [-0.9442,  1.0472,  0.0259,  1.3633,  1.805 , -1.0395,  0.0679,  1.3527,  0.5833]
[output] 0.14947515492079566
[input_vals] [-0.9442,  1.0472,  0.0259,  1.3633,  1.7169, -1.0509, -0.0606,  1.5005,  0.5833]
[output] 0.1
[input_vals] [-0.9442,  1.0472,  0.0259,  1.3633,  1.6668, -1.0004, -0.0316,  1.4129,  0.5833]
[output] 0.19377670906011465
[input_vals] [-0.9442,  1.0472,  0.0259,  1.3633,  1.6318, -0.9486, -0.0704,  1.5227,  0.5833]
[output] 0.28328874516353975
[input_vals] [-0.9442,  1.0472,  0.0259,  1.3633,  1.7403, -0.9581, -0.0642,  1.3974,  0.5833]
[output] 0.15570899051820336
[input_vals] [-0.9442,  1.0472,  0.0259,  1.3633,  1.736 , -1.1254, -0.0405,  1.3546,  0.5833]
[output] 0.1
[input_vals] [-0.9442,  1.0472,  0.0259,  1.3633,  1.6775, -0.9585, -0.0361,  1.4759,  0.5833]
[output] 0.2102808525479869
[input_vals] [-0.9442,  1.0472,  0.0259,  1.3633,  1.6809, -1.1438,  0.013 ,  1.402 ,  0.5833]
[output] 0.1
[input_vals] [-0.9442,  1.0472,  0.0259,  1.3633,  1.7628, -1.1466,  0.0976,  1.4851,  0.5833]
[output] 0.18784260906356964
[input_vals] [-0.9442,  1.0472,  0.0259,  1.3633,  1.7749, -0.9684, -0.0518,  1.408 ,  0.5833]
[output] 0.1
[input_vals] [-0.9442,  1.0472,  0.0259,  1.3633,  1.7682, -1.1004,  0.0187,  1.4477,  0.5833]
[output] 0.17884284142365137
[input_vals] [-0.9442,  1.0472,  0.0259,  1.3633,  1.6981, -1.1106,  0.0014,  1.3776,  0.5833]
[output] 0.14451642401422682
[input_vals] [-0.9442,  1.0472,  0.0259,  1.3633,  1.6728, -0.9966,  0.0447,  1.3512,  0.5833]
[output] 0.19660636447125
[input_vals] [-0.9442,  1.0472,  0.0259,  1.3633,  1.6574, -0.9811, -0.0519,  1.4764,  0.5833]
[output] 0.2172354124269047
[input_vals] [-0.9442,  1.0472,  0.0259,  1.3633,  1.6671, -1.0097,  0.0011,  1.4518,  0.5833]
[output] 0.17532828847858167
[input_vals] [-0.9442,  1.0472,  0.0259,  1.3633,  1.6764, -1.1477,  0.0138,  1.3874,  0.5833]
[output] 0.1
[input_vals] [-0.9442,  1.0472,  0.0259,  1.3633,  1.7519, -1.1327, -0.0062,  1.4662,  0.5833]
[output] 0.18311526765987488
[input_vals] [-0.9442,  1.0472,  0.0259,  1.3633,  1.7195, -0.9704, -0.0357,  1.3403,  0.5833]
[output] 0.1788240281897984
[input_vals] [-0.9442,  1.0472,  0.0259,  1.3633,  1.6678, -0.963 ,  0.0185,  1.3289,  0.5833]
[output] 0.23667671932375775
[input_vals] [-0.9442,  1.0472,  0.0259,  1.3633,  1.7348, -0.9845,  0.0076,  1.3393,  0.5833]
[output] 0.1476710313738142
[input_vals] [-0.9442,  1.0472,  0.0259,  1.3633,  1.7   , -0.9928,  0.0236,  1.3334,  0.5833]
[output] 0.17648647150193966
[input_vals] [-0.9442,  1.0472,  0.0259,  1.3633,  1.8026, -1.0982,  0.0373,  1.4013,  0.5833]
[output] 0.1890271480707466
[input_vals] [-0.9442,  1.0472,  0.0259,  1.3633,  1.7586, -1.1283,  0.0491,  1.3335,  0.5833]
[output] 0.1
[input_vals] [-0.9442,  1.0472,  0.0259,  1.3633,  1.6938, -1.0812,  0.0226,  1.4935,  0.5833]
[output] 0.1
[input_vals] [-0.9442,  1.0472,  0.0259,  1.3633,  1.8098, -1.0921, -0.022 ,  1.5075,  0.5833]
[output] 0.21611553199540123
[input_vals] [-0.9442,  1.0472,  0.0259,  1.3633,  1.7981, -0.9692,  0.0183,  1.3653,  0.5833]
[output] 0.1
[input_vals] [-0.9442,  1.0472,  0.0259,  1.3633,  1.6295, -0.9504,  0.0714,  1.3785,  0.5833]
[output] 0.2704624913586101
[input_vals] [-0.9442,  1.0472,  0.0259,  1.3633,  1.7556, -1.0602,  0.0815,  1.3948,  0.5833]
[output] 0.14331309116918925
[input_vals] [-0.9442,  1.0472,  0.0259,  1.3633,  1.7095, -1.0691,  0.018 ,  1.442 ,  0.5833]
[output] 0.1
[input_vals] [-0.9442,  1.0472,  0.0259,  1.3633,  1.7256, -1.0085, -0.0637,  1.5154,  0.5833]
[output] 0.1
[input_vals] [-0.9442,  1.0472,  0.0259,  1.3633,  1.7289, -1.1454,  0.0497,  1.4331,  0.5833]
[output] 0.1540709209234491
[input_vals] [-0.9442,  1.0472,  0.0259,  1.3633,  1.8193, -1.0109,  0.0164,  1.42  ,  0.5833]
[output] 0.16855679757251157
[input_vals] [-0.9442,  1.0472,  0.0259,  1.3633,  1.7779, -1.0398,  0.0259,  1.3277,  0.5833]
[output] 0.1
[input_vals] [-0.9442,  1.0472,  0.0259,  1.3633,  1.7666, -1.1196, -0.0066,  1.4049,  0.5833]
[output] 0.1732999720765438
[input_vals] [-0.9442,  1.0472,  0.0259,  1.3633,  1.777 , -0.9845, -0.0375,  1.4479,  0.5833]
[output] 0.1
[input_vals] [-0.9442,  1.0472,  0.0259,  1.3633,  1.7738, -1.1232,  0.0378,  1.4727,  0.5833]
[output] 0.19061226385649566
[input_vals] [-0.9442,  1.0472,  0.0259,  1.3633,  1.7839, -1.042 ,  0.0018,  1.5154,  0.5833]
[output] 0.17523864207767667
[input_vals] [-0.9442,  1.0472,  0.0259,  1.3633,  1.7339, -0.9906,  0.0161,  1.3881,  0.5833]
[output] 0.1
[input_vals] [-0.9442,  1.0472,  0.0259,  1.3633,  1.704 , -1.02  ,  0.0089,  1.3506,  0.5833]
[output] 0.1496398723297644
[input_vals] [-0.9442,  1.0472,  0.0259,  1.3633,  1.6481, -1.0713,  0.0514,  1.4856,  0.5833]
[output] 0.1
[input_vals] [-0.9442,  1.0472,  0.0259,  1.3633,  1.7123, -1.0996,  0.0902,  1.3908,  0.5833]
[output] 0.1
[input_vals] [-0.9442,  1.0472,  0.0259,  1.3633,  1.7041, -1.006 ,  0.0719,  1.3587,  0.5833]
[output] 0.15671206242232041
[input_vals] [-0.9442,  1.0472,  0.0259,  1.3633,  1.7507, -1.1233,  0.0287,  1.3542,  0.5833]
[output] 0.1
[input_vals] [-0.9442,  1.0472,  0.0259,  1.3633,  1.7817, -0.952 ,  0.0827,  1.4582,  0.5833]
[output] 0.1
[input_vals] [-0.9442,  1.0472,  0.0259,  1.3633,  1.6938, -1.0846,  0.0342,  1.4548,  0.5833]
[output] 0.1
[input_vals] [-0.9442,  1.0472,  0.0259,  1.3633,  1.6606, -1.1425, -0.029 ,  1.3556,  0.5833]
[output] 0.1
[input_vals] [-0.9442,  1.0472,  0.0259,  1.3633,  1.6344, -1.012 , -0.0139,  1.358 ,  0.5833]
[output] 0.2358534004085237
[input_vals] [-0.9442,  1.0472,  0.0259,  1.3633,  1.7305, -1.0154,  0.0853,  1.3918,  0.5833]
[output] 0.1
[input_vals] [-0.9442,  1.0472,  0.0259,  1.3633,  1.742 , -1.0346, -0.0373,  1.4086,  0.5833]
[output] 0.1
[input_vals] [-0.9442,  1.0472,  0.0259,  1.3633,  1.7728, -0.9632, -0.0761,  1.4475,  0.5833]
[output] 0.1
[input_vals] [-0.9442,  1.0472,  0.0259,  1.3633,  1.7136, -0.9674, -0.0741,  1.4786,  0.5833]
[output] 0.1708074232204748
[input_vals] [-0.9442,  1.0472,  0.0259,  1.3633,  1.6496, -1.1444,  0.0697,  1.3344,  0.5833]
[output] 0.15815086499146433
[input_vals] [-0.9442,  1.0472,  0.0259,  1.3633,  1.7413, -0.9654, -0.0286,  1.3354,  0.5833]
[output] 0.161263716547225
[input_vals] [-0.9442,  1.0472,  0.0259,  1.3633,  1.7369, -1.1034,  0.0209,  1.4124,  0.5833]
[output] 0.15187237885086424
[input_vals] [-0.9442,  1.0472,  0.0259,  1.3633,  1.7772, -1.1225, -0.0312,  1.3446,  0.5833]
[output] 0.1616430207568505
[input_vals] [-0.9442,  1.0472,  0.0259,  1.3633,  1.65  , -1.0255,  0.0947,  1.3889,  0.5833]
[output] 0.1924816807606256
[input_vals] [-0.9442,  1.0472,  0.0259,  1.3633,  1.6501, -1.0655, -0.0181,  1.4777,  0.5833]
[output] 0.15370860601960037
[input_vals] [-0.9442,  1.0472,  0.0259,  1.3633,  1.8078, -1.0636,  0.0725,  1.3387,  0.5833]
[output] 0.15867423980767123
[input_vals] [-0.9442,  1.0472,  0.0259,  1.3633,  1.707 , -0.9732,  0.0814,  1.396 ,  0.5833]
[output] 0.16654672710568574
[input_vals] [-0.9442,  1.0472,  0.0259,  1.3633,  1.7584, -1.096 , -0.0279,  1.4289,  0.5833]
[output] 0.15976781686926142
[input_vals] [-0.9442,  1.0472,  0.0259,  1.3633,  1.6557, -1.1252, -0.0552,  1.4415,  0.5833]
[output] 0.1
[input_vals] [-0.9442,  1.0472,  0.0259,  1.3633,  1.7725, -1.1215, -0.066 ,  1.339 ,  0.5833]
[output] 0.15406898470770736
[input_vals] [-0.9442,  1.0472,  0.0259,  1.3633,  1.8065, -1.1058,  0.0058,  1.4217,  0.5833]
[output] 0.19917284735457197
[input_vals] [-0.9442,  1.0472,  0.0259,  1.3633,  1.6567, -1.1258, -0.0526,  1.3357,  0.5833]
[output] 0.15502501694450813
[input_vals] [-0.9442,  1.0472,  0.0259,  1.3633,  1.7257, -0.9878, -0.0517,  1.3301,  0.5833]
[output] 0.16679786915172434
[input_vals] [-0.9442,  1.0472,  0.0259,  1.3633,  1.652 , -1.0373,  0.0834,  1.4409,  0.5833]
[output] 0.16364503531685726
[input_vals] [-0.9442,  1.0472,  0.0259,  1.3633,  1.8028, -1.0875,  0.068 ,  1.3883,  0.5833]
[output] 0.18096729998587116
[input_vals] [-0.9442,  1.0472,  0.0259,  1.3633,  1.6712, -1.1263,  0.0971,  1.4872,  0.5833]
[output] 0.1
[input_vals] [-0.9442,  1.0472,  0.0259,  1.3633,  1.6807, -1.1346,  0.0838,  1.4069,  0.5833]
[output] 0.1
[input_vals] [-0.9442,  1.0472,  0.0259,  1.3633,  1.7208, -1.0459, -0.0418,  1.4577,  0.5833]
[output] 0.1
[input_vals] [-0.9442,  1.0472,  0.0259,  1.3633,  1.6364, -1.1293,  0.0175,  1.4557,  0.5833]
[output] 0.1669802217395409
[input_vals] [-0.9442,  1.0472,  0.0259,  1.3633,  1.7134, -1.0232,  0.0182,  1.3661,  0.5833]
[output] 0.1
[input_vals] [-0.9442,  1.0472,  0.0259,  1.3633,  1.6754, -1.1317, -0.0572,  1.3749,  0.5833]
[output] 0.1
[input_vals] [-0.9442,  1.0472,  0.0259,  1.3633,  1.7717, -1.0864,  0.0658,  1.4007,  0.5833]
[output] 0.16458953763421572
[input_vals] [-0.9442,  1.0472,  0.0259,  1.3633,  1.7444, -1.0207,  0.0216,  1.3342,  0.5833]
[output] 0.1
[input_vals] [-0.9442,  1.0472,  0.0259,  1.3633,  1.6466, -0.9673,  0.0932,  1.3673,  0.5833]
[output] 0.2404460567950781
[input_vals] [-0.9442,  1.0472,  0.0259,  1.3633,  1.8119, -1.0923, -0.0063,  1.3875,  0.5833]
[output] 0.18754213909232811
[input_vals] [-0.9442,  1.0472,  0.0259,  1.3633,  1.7124, -1.0583,  0.0857,  1.4056,  0.5833]
[output] 0.1
[input_vals] [-0.9442,  1.0472,  0.0259,  1.3633,  1.7887, -1.0254, -0.0673,  1.4589,  0.5833]
[output] 0.15419768920847302
[input_vals] [-0.9442,  1.0472,  0.0259,  1.3633,  1.6744, -1.0359,  0.0046,  1.5117,  0.5833]
[output] 0.14568023759621684
[input_vals] [-0.9442,  1.0472,  0.0259,  1.3633,  1.6857, -1.0515,  0.1059,  1.3983,  0.5833]
[output] 0.1
[input_vals] [-0.9442,  1.0472,  0.0259,  1.3633,  1.7876, -0.9847, -0.0044,  1.5064,  0.5833]
[output] 0.1435292463965168
[input_vals] [-0.9442,  1.0472,  0.0259,  1.3633,  1.704 , -1.0202,  0.0056,  1.4435,  0.5833]
[output] 0.1
[input_vals] [-0.9442,  1.0472,  0.0259,  1.3633,  1.6804, -0.9837,  0.0488,  1.3362,  0.5833]
[output] 0.2018080112492835
[input_vals] [-0.9442,  1.0472,  0.0259,  1.3633,  1.7364, -0.964 ,  0.0268,  1.3893,  0.5833]
[output] 0.1437369056889967
[input_vals] [-0.9442,  1.0472,  0.0259,  1.3633,  1.7897, -0.9789,  0.0748,  1.5234,  0.5833]
[output] 0.1565430594524016
[input_vals] [-0.9442,  1.0472,  0.0259,  1.3633,  1.7387, -1.0187,  0.0056,  1.362 ,  0.5833]
[output] 0.1
[input_vals] [-0.9442,  1.0472,  0.0259,  1.3633,  1.7275, -1.0783,  0.1025,  1.5186,  0.5833]
[output] 0.14257151345709096
[input_vals] [-0.9442,  1.0472,  0.0259,  1.3633,  1.6828, -1.0856, -0.0721,  1.3392,  0.5833]
[output] 0.19347523706442715
[input_vals] [-0.9442,  1.0472,  0.0259,  1.3633,  1.6738, -0.9595, -0.0427,  1.3778,  0.5833]
[output] 0.23146072952418587
[input_vals] [-0.9442,  1.0472,  0.0259,  1.3633,  1.7796, -1.1062,  0.0638,  1.5225,  0.5833]
[output] 0.19506613585555993
[input_vals] [-0.9442,  1.0472,  0.0259,  1.3633,  1.7054, -1.0868, -0.0143,  1.3354,  0.5833]
[output] 0.16149281594157106
[input_vals] [-0.9442,  1.0472,  0.0259,  1.3633,  1.8124, -1.0261, -0.0857,  1.3707,  0.5833]
[output] 0.16139463341142476
[input_vals] [-0.9442,  1.0472,  0.0259,  1.3633,  1.6551, -1.0025, -0.0556,  1.5126,  0.5833]
[output] 0.19611307981366155
[input_vals] [-0.9442,  1.0472,  0.0259,  1.3633,  1.6518, -1.0901,  0.1051,  1.445 ,  0.5833]
[output] 0.16273799418386758
[input_vals] [-0.9442,  1.0472,  0.0259,  1.3633,  1.7283, -0.9691, -0.0236,  1.4356,  0.5833]
[output] 0.14464941581461077
[input_vals] [-0.9442,  1.0472,  0.0259,  1.3633,  1.6944, -1.1113,  0.1122,  1.3809,  0.5833]
[output] 0.1
[input_vals] [-0.9442,  1.0472,  0.0259,  1.3633,  1.778 , -1.1214, -0.0532,  1.4276,  0.5833]
[output] 0.1835007439058695
[input_vals] [-0.9442,  1.0472,  0.0259,  1.3633,  1.7175, -0.9837, -0.0116,  1.3264,  0.5833]
[output] 0.1714878066502518
[input_vals] [-0.9442,  1.0472,  0.0259,  1.3633,  1.6833, -1.1243, -0.0481,  1.4946,  0.5833]
[output] 0.1
[input_vals] [-0.9442,  1.0472,  0.0259,  1.3633,  1.6345, -0.9959,  0.0208,  1.4131,  0.5833]
[output] 0.22643144690669592
[input_vals] [-0.9442,  1.0472,  0.0259,  1.3633,  1.7914, -1.0234, -0.0296,  1.4587,  0.5833]
[output] 0.1577060372371084
[input_vals] [-0.9442,  1.0472,  0.0259,  1.3633,  1.6771, -0.9993,  0.0338,  1.3948,  0.5833]
[output] 0.17907756038039324
[input_vals] [-0.9442,  1.0472,  0.0259,  1.3633,  1.8192, -1.0924,  0.0714,  1.5009,  0.5833]
[output] 0.21257955345499568
[input_vals] [-0.9442,  1.0472,  0.0259,  1.3633,  1.6915, -1.1016,  0.0047,  1.5119,  0.5833]
[output] 0.1
[input_vals] [-0.9442,  1.0472,  0.0259,  1.3633,  1.8087, -0.9621, -0.0658,  1.3952,  0.5833]
[output] 0.1
[input_vals] [-0.9442,  1.0472,  0.0259,  1.3633,  1.8028, -1.0478,  0.0088,  1.4106,  0.5833]
[output] 0.16851877615075242
[input_vals] [-0.9442,  1.0472,  0.0259,  1.3633,  1.7252, -1.1037, -0.0265,  1.3311,  0.5833]
[output] 0.1
[input_vals] [-0.9442,  1.0472,  0.0259,  1.3633,  1.7427, -1.0087, -0.0289,  1.3582,  0.5833]
[output] 0.1
[input_vals] [-0.9442,  1.0472,  0.0259,  1.3633,  1.6396, -1.0497,  0.0227,  1.419 ,  0.5833]
[output] 0.18080446310035053
[input_vals] [-0.9442,  1.0472,  0.0259,  1.3633,  1.6968, -0.9595, -0.0716,  1.4788,  0.5833]
[output] 0.19861662270064717
[input_vals] [-0.9442,  1.0472,  0.0259,  1.3633,  1.6931, -0.9946,  0.0627,  1.3668,  0.5833]
[output] 0.17190856832090642
[input_vals] [-0.9442,  1.0472,  0.0259,  1.3633,  1.8064, -1.0895, -0.0378,  1.4787,  0.5833]
[output] 0.204756965320035
[input_vals] [-0.9442,  1.0472,  0.0259,  1.3633,  1.6659, -1.0163,  0.0326,  1.3851,  0.5833]
[output] 0.18119557374098813
[input_vals] [-0.9442,  1.0472,  0.0259,  1.3633,  1.8206, -1.1146, -0.0225,  1.5047,  0.5833]
[output] 0.23242865900536358
[input_vals] [-0.9442,  1.0472,  0.0259,  1.3633,  1.736 , -1.0185,  0.0009,  1.3968,  0.5833]
[output] 0.1
[input_vals] [-0.9442,  1.0472,  0.0259,  1.3633,  1.7958, -0.9671,  0.0443,  1.5169,  0.5833]
[output] 0.1487400081115995
[input_vals] [-0.9442,  1.0472,  0.0259,  1.3633,  1.632 , -1.0033, -0.0323,  1.3247,  0.5833]
[output] 0.29172454465156106
[input_vals] [-0.9442,  1.0472,  0.0259,  1.3633,  1.673 , -0.9929,  0.0783,  1.3494,  0.5833]
[output] 0.20026169242916092
[input_vals] [-0.9442,  1.0472,  0.0259,  1.3633,  1.7513, -1.0827,  0.055 ,  1.3766,  0.5833]
[output] 0.14368059280218576
[input_vals] [-0.9442,  1.0472,  0.0259,  1.3633,  1.7529, -1.043 , -0.0856,  1.5109,  0.5833]
[output] 0.1
[input_vals] [-0.9442,  1.0472,  0.0259,  1.3633,  1.7381, -1.1322, -0.0531,  1.4441,  0.5833]
[output] 0.1650559830222931
[input_vals] [-0.9442,  1.0472,  0.0259,  1.3633,  1.7403, -0.9893, -0.0367,  1.3554,  0.5833]
[output] 0.1
[input_vals] [-0.9442,  1.0472,  0.0259,  1.3633,  1.7382, -1.0145,  0.1119,  1.3904,  0.5833]
[output] 0.1
[input_vals] [-0.9442,  1.0472,  0.0259,  1.3633,  1.6757, -0.9633,  0.0518,  1.4034,  0.5833]
[output] 0.20580813748800397
[input_vals] [-0.9442,  1.0472,  0.0259,  1.3633,  1.6586, -1.1326,  0.0152,  1.3544,  0.5833]
[output] 0.1
[input_vals] [-0.9442,  1.0472,  0.0259,  1.3633,  1.7937, -1.0593,  0.0779,  1.4887,  0.5833]
[output] 0.18305798834006737
[input_vals] [-0.9442,  1.0472,  0.0259,  1.3633,  1.6549, -1.0194,  0.0081,  1.4569,  0.5833]
[output] 0.17973807284361087
[input_vals] [-0.9442,  1.0472,  0.0259,  1.3633,  1.6453, -0.9557,  0.0398,  1.4275,  0.5833]
[output] 0.24083963450112036
[input_vals] [-0.9442,  1.0472,  0.0259,  1.3633,  1.7429, -1.1257,  0.0156,  1.3931,  0.5833]
[output] 0.15934439796861438
[input_vals] [-0.9442,  1.0472,  0.0259,  1.3633,  1.7986, -0.9771,  0.0921,  1.4089,  0.5833]
[output] 0.1
[input_vals] [-0.9442,  1.0472,  0.0259,  1.3633,  1.7837, -1.1175,  0.0752,  1.3555,  0.5833]
[output] 0.16088890976567596
[input_vals] [-0.9442,  1.0472,  0.0259,  1.3633,  1.7491, -1.1349,  0.064 ,  1.3498,  0.5833]
[output] 0.1
[input_vals] [-0.9442,  1.0472,  0.0259,  1.3633,  1.641 , -1.131 ,  0.0222,  1.4614,  0.5833]
[output] 0.1674696617772622
[input_vals] [-0.9442,  1.0472,  0.0259,  1.3633,  1.8095, -0.9813, -0.0303,  1.388 ,  0.5833]
[output] 0.14455289237495703
[input_vals] [-0.9442,  1.0472,  0.0259,  1.3633,  1.7165, -1.0407, -0.0203,  1.4944,  0.5833]
[output] 0.1
[input_vals] [-0.9442,  1.0472,  0.0259,  1.3633,  1.7079, -1.1266, -0.0004,  1.4153,  0.5833]
[output] 0.14265285213222642
[input_vals] [-0.9442,  1.0472,  0.0259,  1.3633,  1.6497, -1.0958, -0.0281,  1.3481,  0.5833]
[output] 0.17867143616389597
[input_vals] [-0.9442,  1.0472,  0.0259,  1.3633,  1.7308, -1.1469, -0.0769,  1.4438,  0.5833]
[output] 0.16403177674844943
[input_vals] [-0.9442,  1.0472,  0.0259,  1.3633,  1.7173, -1.0179, -0.0855,  1.4099,  0.5833]
[output] 0.1
[input_vals] [-0.9442,  1.0472,  0.0259,  1.3633,  1.8252, -1.0182,  0.0536,  1.3634,  0.5833]
[output] 0.15955936263313303
[input_vals] [-0.9442,  1.0472,  0.0259,  1.3633,  1.7751, -1.0438,  0.0406,  1.3685,  0.5833]
[output] 0.1
[input_vals] [-0.9442,  1.0472,  0.0259,  1.3633,  1.701 , -1.1049,  0.0952,  1.4871,  0.5833]
[output] 0.1
[input_vals] [-0.9442,  1.0472,  0.0259,  1.3633,  1.8087, -0.9884,  0.1051,  1.4446,  0.5833]
[output] 0.15660712867890475
[input_vals] [-0.9442,  1.0472,  0.0259,  1.3633,  1.6912, -1.0711, -0.066 ,  1.3246,  0.5833]
[output] 0.21630840972587248
[input_vals] [-0.9442,  1.0472,  0.0259,  1.3633,  1.7959, -1.0747,  0.0159,  1.5217,  0.5833]
[output] 0.20348440123385553
[input_vals] [-0.9442,  1.0472,  0.0259,  1.3633,  1.753 , -1.1199,  0.0581,  1.4946,  0.5833]
[output] 0.17750203663628034
[input_vals] [-0.9442,  1.0472,  0.0259,  1.3633,  1.7851, -1.1172,  0.0043,  1.5125,  0.5833]
[output] 0.20714837766119548
[input_vals] [-0.9442,  1.0472,  0.0259,  1.3633,  1.7264, -1.0662, -0.0044,  1.3427,  0.5833]
[output] 0.1
[input_vals] [-0.9442,  1.0472,  0.0259,  1.3633,  1.7106, -0.9706, -0.0652,  1.5142,  0.5833]
[output] 0.16944487385856133
[input_vals] [-0.9442,  1.0472,  0.0259,  1.3633,  1.7852, -1.0732, -0.0842,  1.4683,  0.5833]
[output] 0.17458985169753408
[input_vals] [-0.9442,  1.0472,  0.0259,  1.3633,  1.7717, -1.1076, -0.0535,  1.4787,  0.5833]
[output] 0.18500477204075558
[input_vals] [-0.9442,  1.0472,  0.0259,  1.3633,  1.6523, -0.95  , -0.0316,  1.5233,  0.5833]
[output] 0.23905620319284396
[input_vals] [-0.9442,  1.0472,  0.0259,  1.3633,  1.642 , -0.9644,  0.0243,  1.3927,  0.5833]
[output] 0.24921631042462977
[input_vals] [-0.9442,  1.0472,  0.0259,  1.3633,  1.6914, -0.9691,  0.0729,  1.4832,  0.5833]
[output] 0.1682812096273708
[input_vals] [-0.9442,  1.0472,  0.0259,  1.3633,  1.727 , -0.992 , -0.0276,  1.4186,  0.5833]
[output] 0.1
[input_vals] [-0.9442,  1.0472,  0.0259,  1.3633,  1.772 , -1.0115,  0.0773,  1.3364,  0.5833]
[output] 0.1
[input_vals] [-0.9442,  1.0472,  0.0259,  1.3633,  1.7274, -1.1239, -0.0829,  1.4052,  0.5833]
[output] 0.1
[input_vals] [-0.9442,  1.0472,  0.0259,  1.3633,  1.6866, -1.0241, -0.043 ,  1.4576,  0.5833]
[output] 0.1482354650829404
[input_vals] [-0.9442,  1.0472,  0.0259,  1.3633,  1.7615, -1.125 ,  0.0943,  1.379 ,  0.5833]
[output] 0.1
