[input_vals] [-1.501 ,  0.    , -0.2715,  1.4137,  1.7279,  0.    ,  0.    ,  0.3665,  0.9038]
[output] 0.13924868655038436
[input_vals] [-1.501 ,  0.    , -0.2715,  1.4137,  1.7279,  0.    ,  0.    ,  0.3665,  0.8855]
[output] 0.20123699878458587
[input_vals] [-1.501 ,  0.    , -0.2715,  1.4137,  1.7279,  0.    ,  0.    ,  0.3665,  0.8818]
[output] 0.2144088879961952
[input_vals] [-1.501 ,  0.    , -0.2715,  1.4137,  1.7279,  0.    ,  0.    ,  0.3665,  0.9599]
[output] 0.06621248678843428
[input_vals] [-1.501 ,  0.    , -0.2715,  1.4137,  1.7279,  0.    ,  0.    ,  0.3665,  0.8794]
[output] 0.22278968440302907
[input_vals] [-1.501 ,  0.    , -0.2715,  1.4137,  1.7279,  0.    ,  0.    ,  0.3665,  0.8884]
[output] 0.19097671777525907
[input_vals] [-1.501 ,  0.    , -0.2715,  1.4137,  1.7279,  0.    ,  0.    ,  0.3665,  0.9131]
[output] 0.1105871598824223
[input_vals] [-1.501 ,  0.    , -0.2715,  1.4137,  1.7279,  0.    ,  0.    ,  0.3665,  0.994 ]
[output] 0.16676628145073844
[input_vals] [-1.501 ,  0.    , -0.2715,  1.4137,  1.7279,  0.    ,  0.    ,  0.3665,  0.8953]
[output] 0.16738438160373087
[input_vals] [-1.501 ,  0.    , -0.2715,  1.4137,  1.7279,  0.    ,  0.    ,  0.3665,  0.9197]
[output] 0.09176571879568075
[input_vals] [-1.501 ,  0.    , -0.2715,  1.4137,  1.7279,  0.    ,  0.    ,  0.3665,  0.9435]
[output] 0.04908314965230047
[input_vals] [-1.501 ,  0.    , -0.2715,  1.4137,  1.7279,  0.    ,  0.    ,  0.3665,  0.9836]
[output] 0.13282317839204125
[input_vals] [-1.501 ,  0.    , -0.2715,  1.4137,  1.7279,  0.    ,  0.    ,  0.3665,  0.8641]
[output] 0.27812147461871534
[input_vals] [-1.501 ,  0.    , -0.2715,  1.4137,  1.7279,  0.    ,  0.    ,  0.3665,  0.9585]
[output] 0.06327625358025021
[input_vals] [-1.501 ,  0.    , -0.2715,  1.4137,  1.7279,  0.    ,  0.    ,  0.3665,  0.9188]
[output] 0.09424846888738685
[input_vals] [-1.501 ,  0.    , -0.2715,  1.4137,  1.7279,  0.    ,  0.    ,  0.3665,  0.8978]
[output] 0.15904689076680265
[input_vals] [-1.501 ,  0.    , -0.2715,  1.4137,  1.7279,  0.    ,  0.    ,  0.3665,  0.9094]
[output] 0.12172480198777404
[input_vals] [-1.501 ,  0.    , -0.2715,  1.4137,  1.7279,  0.    ,  0.    ,  0.3665,  0.9084]
[output] 0.12465042945214064
[input_vals] [-1.501 ,  0.    , -0.2715,  1.4137,  1.7279,  0.    ,  0.    ,  0.3665,  0.948 ]
[output] 0.04939352614691248
[input_vals] [-1.501 ,  0.    , -0.2715,  1.4137,  1.7279,  0.    ,  0.    ,  0.3665,  0.8987]
[output] 0.15606072075643632
[input_vals] [-1.501 ,  0.    , -0.2715,  1.4137,  1.7279,  0.    ,  0.    ,  0.3665,  0.9342]
[output] 0.05908341386145613
[input_vals] [-1.501 ,  0.    , -0.2715,  1.4137,  1.7279,  0.    ,  0.    ,  0.3665,  0.9438]
[output] 0.048995457869559195
[input_vals] [-1.501 ,  0.    , -0.2715,  1.4137,  1.7279,  0.    ,  0.    ,  0.3665,  0.9103]
[output] 0.11902756812217036
[input_vals] [-1.501 ,  0.    , -0.2715,  1.4137,  1.7279,  0.    ,  0.    ,  0.3665,  0.9224]
[output] 0.08468628933737127
[input_vals] [-1.501 ,  0.    , -0.2715,  1.4137,  1.7279,  0.    ,  0.    ,  0.3665,  0.8972]
[output] 0.16080947256913303
[input_vals] [-1.501 ,  0.    , -0.2715,  1.4137,  1.7279,  0.    ,  0.    ,  0.3665,  0.9581]
[output] 0.06240662441615383
[input_vals] [-1.501 ,  0.    , -0.2715,  1.4137,  1.7279,  0.    ,  0.    ,  0.3665,  0.928 ]
[output] 0.0713581241575983
[input_vals] [-1.501 ,  0.    , -0.2715,  1.4137,  1.7279,  0.    ,  0.    ,  0.3665,  0.9901]
[output] 0.15388762512161822
[input_vals] [-1.501 ,  0.    , -0.2715,  1.4137,  1.7279,  0.    ,  0.    ,  0.3665,  0.9521]
[output] 0.05280240115717427
[input_vals] [-1.501 ,  0.    , -0.2715,  1.4137,  1.7279,  0.    ,  0.    ,  0.3665,  0.9649]
[output] 0.07797248420565925
[input_vals] [-1.501 ,  0.    , -0.2715,  1.4137,  1.7279,  0.    ,  0.    ,  0.3665,  1.001 ]
[output] 0.19002979379993876
[input_vals] [-1.501 ,  0.    , -0.2715,  1.4137,  1.7279,  0.    ,  0.    ,  0.3665,  0.9867]
[output] 0.14296591029299482
[input_vals] [-1.501 ,  0.    , -0.2715,  1.4137,  1.7279,  0.    ,  0.    ,  0.3665,  1.0255]
[output] 0.2714178474160755
[input_vals] [-1.501 ,  0.    , -0.2715,  1.4137,  1.7279,  0.    ,  0.    ,  0.3665,  1.021 ]
[output] 0.2565371494051727
[input_vals] [-1.501 ,  0.    , -0.2715,  1.4137,  1.7279,  0.    ,  0.    ,  0.3665,  0.8757]
[output] 0.2360896256738181
[input_vals] [-1.501 ,  0.    , -0.2715,  1.4137,  1.7279,  0.    ,  0.    ,  0.3665,  1.0807]
[output] 0.4353711168586952
[input_vals] [-1.501 ,  0.    , -0.2715,  1.4137,  1.7279,  0.    ,  0.    ,  0.3665,  0.9414]
[output] 0.05017746373771208
[input_vals] [-1.501 ,  0.    , -0.2715,  1.4137,  1.7279,  0.    ,  0.    ,  0.3665,  0.9242]
[output] 0.08016448033250316
[input_vals] [-1.501 ,  0.    , -0.2715,  1.4137,  1.7279,  0.    ,  0.    ,  0.3665,  0.9852]
[output] 0.13812448245183767
[input_vals] [-1.501 ,  0.    , -0.2715,  1.4137,  1.7279,  0.    ,  0.    ,  0.3665,  1.0325]
[output] 0.29386121882752336
[input_vals] [-1.501 ,  0.    , -0.2715,  1.4137,  1.7279,  0.    ,  0.    ,  0.3665,  0.8932]
[output] 0.1744402068562559
[input_vals] [-1.501 ,  0.    , -0.2715,  1.4137,  1.7279,  0.    ,  0.    ,  0.3665,  0.896 ]
[output] 0.16497513478498876
[input_vals] [-1.501 ,  0.    , -0.2715,  1.4137,  1.7279,  0.    ,  0.    ,  0.3665,  1.0341]
[output] 0.29888752492435455
[input_vals] [-1.501 ,  0.    , -0.2715,  1.4137,  1.7279,  0.    ,  0.    ,  0.3665,  0.9619]
[output] 0.07050843782287586
[input_vals] [-1.501 ,  0.    , -0.2715,  1.4137,  1.7279,  0.    ,  0.    ,  0.3665,  0.9639]
[output] 0.07528220492417957
[input_vals] [-1.501 ,  0.    , -0.2715,  1.4137,  1.7279,  0.    ,  0.    ,  0.3665,  1.0242]
[output] 0.2672426466398127
[input_vals] [-1.501 ,  0.    , -0.2715,  1.4137,  1.7279,  0.    ,  0.    ,  0.3665,  1.0244]
[output] 0.2676451839765661
[input_vals] [-1.501 ,  0.    , -0.2715,  1.4137,  1.7279,  0.    ,  0.    ,  0.3665,  0.9779]
[output] 0.11498309356739579
[input_vals] [-1.501 ,  0.    , -0.2715,  1.4137,  1.7279,  0.    ,  0.    ,  0.3665,  0.9822]
[output] 0.1282748308862732
[input_vals] [-1.501 ,  0.    , -0.2715,  1.4137,  1.7279,  0.    ,  0.    ,  0.3665,  1.005 ]
[output] 0.2034453500976783
[input_vals] [-1.501 ,  0.    , -0.2715,  1.4137,  1.7279,  0.    ,  0.    ,  0.3665,  1.0033]
[output] 0.1978539071237698
[input_vals] [-1.501 ,  0.    , -0.2715,  1.4137,  1.7279,  0.    ,  0.    ,  0.3665,  0.9274]
[output] 0.07268247777660096
[input_vals] [-1.501 ,  0.    , -0.2715,  1.4137,  1.7279,  0.    ,  0.    ,  0.3665,  0.9209]
[output] 0.08881186692731793
[input_vals] [-1.501 ,  0.    , -0.2715,  1.4137,  1.7279,  0.    ,  0.    ,  0.3665,  0.9878]
[output] 0.1465536334155043
[input_vals] [-1.501 ,  0.    , -0.2715,  1.4137,  1.7279,  0.    ,  0.    ,  0.3665,  1.0031]
[output] 0.19715053855212505
[input_vals] [-1.501 ,  0.    , -0.2715,  1.4137,  1.7279,  0.    ,  0.    ,  0.3665,  1.0326]
[output] 0.2941321460881188
[input_vals] [-1.501 ,  0.    , -0.2715,  1.4137,  1.7279,  0.    ,  0.    ,  0.3665,  0.9759]
[output] 0.10875522084219655
[input_vals] [-1.501 ,  0.    , -0.2715,  1.4137,  1.7279,  0.    ,  0.    ,  0.3665,  0.9476]
[output] 0.04922980620785269
[input_vals] [-1.501 ,  0.    , -0.2715,  1.4137,  1.7279,  0.    ,  0.    ,  0.3665,  0.9648]
[output] 0.07760822214456045
[input_vals] [-1.501 ,  0.    , -0.2715,  1.4137,  1.7279,  0.    ,  0.    ,  0.3665,  0.9055]
[output] 0.13385224489701045
[input_vals] [-1.501 ,  0.    , -0.2715,  1.4137,  1.7279,  0.    ,  0.    ,  0.3665,  0.907 ]
[output] 0.1292097385415387
[input_vals] [-1.501 ,  0.    , -0.2715,  1.4137,  1.7279,  0.    ,  0.    ,  0.3665,  0.8823]
[output] 0.21246486869852
[input_vals] [-1.501 ,  0.    , -0.2715,  1.4137,  1.7279,  0.    ,  0.    ,  0.3665,  0.9161]
[output] 0.10185200814351705
[input_vals] [-1.501 ,  0.    , -0.2715,  1.4137,  1.7279,  0.    ,  0.    ,  0.3665,  1.0121]
[output] 0.22716931746521624
[input_vals] [-1.501 ,  0.    , -0.2715,  1.4137,  1.7279,  0.    ,  0.    ,  0.3665,  0.9362]
[output] 0.05590297781824055
[input_vals] [-1.501 ,  0.    , -0.2715,  1.4137,  1.7279,  0.    ,  0.    ,  0.3665,  1.0028]
[output] 0.19604895413112267
[input_vals] [-1.501 ,  0.    , -0.2715,  1.4137,  1.7279,  0.    ,  0.    ,  0.3665,  0.9414]
[output] 0.050202229720131324
[input_vals] [-1.501 ,  0.    , -0.2715,  1.4137,  1.7279,  0.    ,  0.    ,  0.3665,  1.008 ]
[output] 0.21366410747345121
[input_vals] [-1.501 ,  0.    , -0.2715,  1.4137,  1.7279,  0.    ,  0.    ,  0.3665,  0.9967]
[output] 0.17590042958660673
[input_vals] [-1.501 ,  0.    , -0.2715,  1.4137,  1.7279,  0.    ,  0.    ,  0.3665,  0.9345]
[output] 0.05861293991367854
[input_vals] [-1.501 ,  0.    , -0.2715,  1.4137,  1.7279,  0.    ,  0.    ,  0.3665,  0.8677]
[output] 0.2648311316365127
[input_vals] [-1.501 ,  0.    , -0.2715,  1.4137,  1.7279,  0.    ,  0.    ,  0.3665,  0.951 ]
[output] 0.051588152240371624
[input_vals] [-1.501 ,  0.    , -0.2715,  1.4137,  1.7279,  0.    ,  0.    ,  0.3665,  0.9335]
[output] 0.060258984749597296
[input_vals] [-1.501 ,  0.    , -0.2715,  1.4137,  1.7279,  0.    ,  0.    ,  0.3665,  0.9131]
[output] 0.11055516112832059
[input_vals] [-1.501 ,  0.    , -0.2715,  1.4137,  1.7279,  0.    ,  0.    ,  0.3665,  0.9539]
[output] 0.05513755589660756
[input_vals] [-1.501 ,  0.    , -0.2715,  1.4137,  1.7279,  0.    ,  0.    ,  0.3665,  0.923 ]
[output] 0.08318651197775266
[input_vals] [-1.501 ,  0.    , -0.2715,  1.4137,  1.7279,  0.    ,  0.    ,  0.3665,  0.9036]
[output] 0.13998248172519506
[input_vals] [-1.501 ,  0.    , -0.2715,  1.4137,  1.7279,  0.    ,  0.    ,  0.3665,  0.9489]
[output] 0.049887070588878854
[input_vals] [-1.501 ,  0.    , -0.2715,  1.4137,  1.7279,  0.    ,  0.    ,  0.3665,  0.8555]
[output] 0.3094691469253777
[input_vals] [-1.501 ,  0.    , -0.2715,  1.4137,  1.7279,  0.    ,  0.    ,  0.3665,  1.0376]
[output] 0.3101609988653598
[input_vals] [-1.501 ,  0.    , -0.2715,  1.4137,  1.7279,  0.    ,  0.    ,  0.3665,  0.8826]
[output] 0.21158448204107155
[input_vals] [-1.501 ,  0.    , -0.2715,  1.4137,  1.7279,  0.    ,  0.    ,  0.3665,  0.9055]
[output] 0.13380302258803464
[input_vals] [-1.501 ,  0.    , -0.2715,  1.4137,  1.7279,  0.    ,  0.    ,  0.3665,  0.9907]
[output] 0.15599230171051232
[input_vals] [-1.501 ,  0.    , -0.2715,  1.4137,  1.7279,  0.    ,  0.    ,  0.3665,  0.9276]
[output] 0.07226372006178014
[input_vals] [-1.501 ,  0.    , -0.2715,  1.4137,  1.7279,  0.    ,  0.    ,  0.3665,  0.9025]
[output] 0.1434617074361192
[input_vals] [-1.501 ,  0.    , -0.2715,  1.4137,  1.7279,  0.    ,  0.    ,  0.3665,  0.9184]
[output] 0.09527474233697662
[input_vals] [-1.501 ,  0.    , -0.2715,  1.4137,  1.7279,  0.    ,  0.    ,  0.3665,  1.0597]
[output] 0.37712871754332317
[input_vals] [-1.501 ,  0.    , -0.2715,  1.4137,  1.7279,  0.    ,  0.    ,  0.3665,  0.898 ]
[output] 0.15828496869757927
[input_vals] [-1.501 ,  0.    , -0.2715,  1.4137,  1.7279,  0.    ,  0.    ,  0.3665,  0.9899]
[output] 0.15341531793886562
[input_vals] [-1.501 ,  0.    , -0.2715,  1.4137,  1.7279,  0.    ,  0.    ,  0.3665,  1.0205]
[output] 0.25489525876847335
[input_vals] [-1.501 ,  0.    , -0.2715,  1.4137,  1.7279,  0.    ,  0.    ,  0.3665,  1.0218]
[output] 0.259303118364797
[input_vals] [-1.501 ,  0.    , -0.2715,  1.4137,  1.7279,  0.    ,  0.    ,  0.3665,  1.0515]
[output] 0.3527547722601016
[input_vals] [-1.501 ,  0.    , -0.2715,  1.4137,  1.7279,  0.    ,  0.    ,  0.3665,  0.9514]
[output] 0.05201723159199211
[input_vals] [-1.501 ,  0.    , -0.2715,  1.4137,  1.7279,  0.    ,  0.    ,  0.3665,  0.9793]
[output] 0.11925506799359765
[input_vals] [-1.501 ,  0.    , -0.2715,  1.4137,  1.7279,  0.    ,  0.    ,  0.3665,  0.9158]
[output] 0.10282125010940273
[input_vals] [-1.501 ,  0.    , -0.2715,  1.4137,  1.7279,  0.    ,  0.    ,  0.3665,  0.9492]
[output] 0.050132183468861356
[input_vals] [-1.501 ,  0.    , -0.2715,  1.4137,  1.7279,  0.    ,  0.    ,  0.3665,  1.0156]
[output] 0.23888537517999478
[input_vals] [-1.501 ,  0.    , -0.2715,  1.4137,  1.7279,  0.    ,  0.    ,  0.3665,  0.8538]
[output] 0.3153427739793744
[input_vals] [-1.501 ,  0.    , -0.2715,  1.4137,  1.7279,  0.    ,  0.    ,  0.3665,  0.971 ]
[output] 0.09438438756637273
[input_vals] [-1.501 ,  0.    , -0.2715,  1.4137,  1.7279,  0.    ,  0.    ,  0.3665,  1.0254]
[output] 0.270988228282825
[input_vals] [-1.501 ,  0.    , -0.2715,  1.4137,  1.7279,  0.    ,  0.    ,  0.3665,  0.9383]
[output] 0.05311947355479592
[input_vals] [-1.501 ,  0.    , -0.2715,  1.4137,  1.7279,  0.    ,  0.    ,  0.3665,  0.9248]
[output] 0.07879927813965294
[input_vals] [-1.501 ,  0.    , -0.2715,  1.4137,  1.7279,  0.    ,  0.    ,  0.3665,  0.9157]
[output] 0.1028304146570259
[input_vals] [-1.501 ,  0.    , -0.2715,  1.4137,  1.7279,  0.    ,  0.    ,  0.3665,  0.8858]
[output] 0.19995139036536197
[input_vals] [-1.501 ,  0.    , -0.2715,  1.4137,  1.7279,  0.    ,  0.    ,  0.3665,  0.9696]
[output] 0.09052503134873732
[input_vals] [-1.501 ,  0.    , -0.2715,  1.4137,  1.7279,  0.    ,  0.    ,  0.3665,  0.943 ]
[output] 0.049256510466866396
[input_vals] [-1.501 ,  0.    , -0.2715,  1.4137,  1.7279,  0.    ,  0.    ,  0.3665,  0.9439]
[output] 0.048951980092499806
[input_vals] [-1.501 ,  0.    , -0.2715,  1.4137,  1.7279,  0.    ,  0.    ,  0.3665,  1.0007]
[output] 0.18923772991749901
[input_vals] [-1.501 ,  0.    , -0.2715,  1.4137,  1.7279,  0.    ,  0.    ,  0.3665,  0.9487]
[output] 0.049758363521862664
[input_vals] [-1.501 ,  0.    , -0.2715,  1.4137,  1.7279,  0.    ,  0.    ,  0.3665,  1.0508]
[output] 0.35068095133606697
[input_vals] [-1.501 ,  0.    , -0.2715,  1.4137,  1.7279,  0.    ,  0.    ,  0.3665,  1.034 ]
[output] 0.2984782164768887
[input_vals] [-1.501 ,  0.    , -0.2715,  1.4137,  1.7279,  0.    ,  0.    ,  0.3665,  0.9264]
[output] 0.07504395056310398
[input_vals] [-1.501 ,  0.    , -0.2715,  1.4137,  1.7279,  0.    ,  0.    ,  0.3665,  0.9312]
[output] 0.06462211144998951
[input_vals] [-1.501 ,  0.    , -0.2715,  1.4137,  1.7279,  0.    ,  0.    ,  0.3665,  0.9362]
[output] 0.055944033717811724
[input_vals] [-1.501 ,  0.    , -0.2715,  1.4137,  1.7279,  0.    ,  0.    ,  0.3665,  0.992 ]
[output] 0.1601159687094455
[input_vals] [-1.501 ,  0.    , -0.2715,  1.4137,  1.7279,  0.    ,  0.    ,  0.3665,  0.8832]
[output] 0.2092149634150975
[input_vals] [-1.501 ,  0.    , -0.2715,  1.4137,  1.7279,  0.    ,  0.    ,  0.3665,  0.9899]
[output] 0.15334622905093073
[input_vals] [-1.501 ,  0.    , -0.2715,  1.4137,  1.7279,  0.    ,  0.    ,  0.3665,  0.9703]
[output] 0.09239708905539488
[input_vals] [-1.501 ,  0.    , -0.2715,  1.4137,  1.7279,  0.    ,  0.    ,  0.3665,  0.8776]
[output] 0.22933397392536123
[input_vals] [-1.501 ,  0.    , -0.2715,  1.4137,  1.7279,  0.    ,  0.    ,  0.3665,  0.9611]
[output] 0.06869928866734167
[input_vals] [-1.501 ,  0.    , -0.2715,  1.4137,  1.7279,  0.    ,  0.    ,  0.3665,  0.92  ]
[output] 0.0911999328821054
[input_vals] [-1.501 ,  0.    , -0.2715,  1.4137,  1.7279,  0.    ,  0.    ,  0.3665,  1.0353]
[output] 0.30271919503588374
[input_vals] [-1.501 ,  0.    , -0.2715,  1.4137,  1.7279,  0.    ,  0.    ,  0.3665,  0.9365]
[output] 0.05547845261238379
[input_vals] [-1.501 ,  0.    , -0.2715,  1.4137,  1.7279,  0.    ,  0.    ,  0.3665,  0.9769]
[output] 0.1118357475072874
[input_vals] [-1.501 ,  0.    , -0.2715,  1.4137,  1.7279,  0.    ,  0.    ,  0.3665,  0.974 ]
[output] 0.10323285580337495
[input_vals] [-1.501 ,  0.    , -0.2715,  1.4137,  1.7279,  0.    ,  0.    ,  0.3665,  0.8832]
[output] 0.20931615424987468
[input_vals] [-1.501 ,  0.    , -0.2715,  1.4137,  1.7279,  0.    ,  0.    ,  0.3665,  0.9427]
[output] 0.04941508006084573
[input_vals] [-1.501 ,  0.    , -0.2715,  1.4137,  1.7279,  0.    ,  0.    ,  0.3665,  0.9978]
[output] 0.17936518427587977
[input_vals] [-1.501 ,  0.    , -0.2715,  1.4137,  1.7279,  0.    ,  0.    ,  0.3665,  1.0172]
[output] 0.24406638770858713
[input_vals] [-1.501 ,  0.    , -0.2715,  1.4137,  1.7279,  0.    ,  0.    ,  0.3665,  1.021 ]
[output] 0.25676511373352834
[input_vals] [-1.501 ,  0.    , -0.2715,  1.4137,  1.7279,  0.    ,  0.    ,  0.3665,  0.8807]
[output] 0.21833751017008748
[input_vals] [-1.501 ,  0.    , -0.2715,  1.4137,  1.7279,  0.    ,  0.    ,  0.3665,  1.0108]
[output] 0.22301183964537702
[input_vals] [-1.501 ,  0.    , -0.2715,  1.4137,  1.7279,  0.    ,  0.    ,  0.3665,  0.8358]
[output] 0.38018991331852947
[input_vals] [-1.501 ,  0.    , -0.2715,  1.4137,  1.7279,  0.    ,  0.    ,  0.3665,  0.9688]
[output] 0.08831052853427712
[input_vals] [-1.501 ,  0.    , -0.2715,  1.4137,  1.7279,  0.    ,  0.    ,  0.3665,  0.9694]
[output] 0.08981742439168668
[input_vals] [-1.501 ,  0.    , -0.2715,  1.4137,  1.7279,  0.    ,  0.    ,  0.3665,  0.8575]
[output] 0.3019750876036608
[input_vals] [-1.501 ,  0.    , -0.2715,  1.4137,  1.7279,  0.    ,  0.    ,  0.3665,  0.8607]
[output] 0.2902670169410157
[input_vals] [-1.501 ,  0.    , -0.2715,  1.4137,  1.7279,  0.    ,  0.    ,  0.3665,  0.8443]
[output] 0.34994178980486723
[input_vals] [-1.501 ,  0.    , -0.2715,  1.4137,  1.7279,  0.    ,  0.    ,  0.3665,  0.9087]
[output] 0.12368822426461226
[input_vals] [-1.501 ,  0.    , -0.2715,  1.4137,  1.7279,  0.    ,  0.    ,  0.3665,  0.9675]
[output] 0.08459512772583662
[input_vals] [-1.501 ,  0.    , -0.2715,  1.4137,  1.7279,  0.    ,  0.    ,  0.3665,  0.9748]
[output] 0.10543393821843838
[input_vals] [-1.501 ,  0.    , -0.2715,  1.4137,  1.7279,  0.    ,  0.    ,  0.3665,  0.9764]
[output] 0.11033498004299579
[input_vals] [-1.501 ,  0.    , -0.2715,  1.4137,  1.7279,  0.    ,  0.    ,  0.3665,  0.9766]
[output] 0.11095822451207625
[input_vals] [-1.501 ,  0.    , -0.2715,  1.4137,  1.7279,  0.    ,  0.    ,  0.3665,  0.9656]
[output] 0.07959504788965657
[input_vals] [-1.501 ,  0.    , -0.2715,  1.4137,  1.7279,  0.    ,  0.    ,  0.3665,  0.9841]
[output] 0.13452600266644837
[input_vals] [-1.501 ,  0.    , -0.2715,  1.4137,  1.7279,  0.    ,  0.    ,  0.3665,  0.988 ]
[output] 0.1469328987896689
[input_vals] [-1.501 ,  0.    , -0.2715,  1.4137,  1.7279,  0.    ,  0.    ,  0.3665,  0.926 ]
[output] 0.07588342655319802
[input_vals] [-1.501 ,  0.    , -0.2715,  1.4137,  1.7279,  0.    ,  0.    ,  0.3665,  1.0004]
[output] 0.1882646993653647
[input_vals] [-1.501 ,  0.    , -0.2715,  1.4137,  1.7279,  0.    ,  0.    ,  0.3665,  0.9734]
[output] 0.10123390280359076
[input_vals] [-1.501 ,  0.    , -0.2715,  1.4137,  1.7279,  0.    ,  0.    ,  0.3665,  0.9076]
[output] 0.12724650212485164
[input_vals] [-1.501 ,  0.    , -0.2715,  1.4137,  1.7279,  0.    ,  0.    ,  0.3665,  0.9707]
[output] 0.09349622822363558
[input_vals] [-1.501 ,  0.    , -0.2715,  1.4137,  1.7279,  0.    ,  0.    ,  0.3665,  1.0025]
[output] 0.19527147389262717
[input_vals] [-1.501 ,  0.    , -0.2715,  1.4137,  1.7279,  0.    ,  0.    ,  0.3665,  0.8777]
[output] 0.22899816295366782
[input_vals] [-1.501 ,  0.    , -0.2715,  1.4137,  1.7279,  0.    ,  0.    ,  0.3665,  0.8683]
[output] 0.26290492696228773
[input_vals] [-1.501 ,  0.    , -0.2715,  1.4137,  1.7279,  0.    ,  0.    ,  0.3665,  1.0424]
[output] 0.32485519166491783
[input_vals] [-1.501 ,  0.    , -0.2715,  1.4137,  1.7279,  0.    ,  0.    ,  0.3665,  0.8473]
[output] 0.3391466673971182
[input_vals] [-1.501 ,  0.    , -0.2715,  1.4137,  1.7279,  0.    ,  0.    ,  0.3665,  0.9003]
[output] 0.15076091117618456
[input_vals] [-1.501 ,  0.    , -0.2715,  1.4137,  1.7279,  0.    ,  0.    ,  0.3665,  0.9252]
[output] 0.07783691318009754
[input_vals] [-1.501 ,  0.    , -0.2715,  1.4137,  1.7279,  0.    ,  0.    ,  0.3665,  0.9096]
[output] 0.12112688467640957
[input_vals] [-1.501 ,  0.    , -0.2715,  1.4137,  1.7279,  0.    ,  0.    ,  0.3665,  0.9909]
[output] 0.15649048439759275
[input_vals] [-1.501 ,  0.    , -0.2715,  1.4137,  1.7279,  0.    ,  0.    ,  0.3665,  0.9106]
[output] 0.11813317241460727
[input_vals] [-1.501 ,  0.    , -0.2715,  1.4137,  1.7279,  0.    ,  0.    ,  0.3665,  0.949 ]
[output] 0.049993613143543135
[input_vals] [-1.501 ,  0.    , -0.2715,  1.4137,  1.7279,  0.    ,  0.    ,  0.3665,  0.9479]
[output] 0.04933108880861659
[input_vals] [-1.501 ,  0.    , -0.2715,  1.4137,  1.7279,  0.    ,  0.    ,  0.3665,  0.9566]
[output] 0.05961990202841143
[input_vals] [-1.501 ,  0.    , -0.2715,  1.4137,  1.7279,  0.    ,  0.    ,  0.3665,  0.9683]
[output] 0.08696842165828181
[input_vals] [-1.501 ,  0.    , -0.2715,  1.4137,  1.7279,  0.    ,  0.    ,  0.3665,  0.9958]
[output] 0.17290929713385533
[input_vals] [-1.501 ,  0.    , -0.2715,  1.4137,  1.7279,  0.    ,  0.    ,  0.3665,  0.9104]
[output] 0.1187239837802702
[input_vals] [-1.501 ,  0.    , -0.2715,  1.4137,  1.7279,  0.    ,  0.    ,  0.3665,  0.9964]
[output] 0.17489892749503821
[input_vals] [-1.501 ,  0.    , -0.2715,  1.4137,  1.7279,  0.    ,  0.    ,  0.3665,  0.9461]
[output] 0.048809498635140836
[input_vals] [-1.501 ,  0.    , -0.2715,  1.4137,  1.7279,  0.    ,  0.    ,  0.3665,  0.9606]
[output] 0.06763660577129087
[input_vals] [-1.501 ,  0.    , -0.2715,  1.4137,  1.7279,  0.    ,  0.    ,  0.3665,  0.9358]
[output] 0.056560996263663926
[input_vals] [-1.501 ,  0.    , -0.2715,  1.4137,  1.7279,  0.    ,  0.    ,  0.3665,  0.9184]
[output] 0.09536466102986442
[input_vals] [-1.501 ,  0.    , -0.2715,  1.4137,  1.7279,  0.    ,  0.    ,  0.3665,  0.9219]
[output] 0.08616853965396261
[input_vals] [-1.501 ,  0.    , -0.2715,  1.4137,  1.7279,  0.    ,  0.    ,  0.3665,  0.9265]
[output] 0.0747528062608154
[input_vals] [-1.501 ,  0.    , -0.2715,  1.4137,  1.7279,  0.    ,  0.    ,  0.3665,  1.0018]
[output] 0.19279557992275317
[input_vals] [-1.501 ,  0.    , -0.2715,  1.4137,  1.7279,  0.    ,  0.    ,  0.3665,  0.9558]
[output] 0.05823920220059939
[input_vals] [-1.501 ,  0.    , -0.2715,  1.4137,  1.7279,  0.    ,  0.    ,  0.3665,  1.0042]
[output] 0.2007766959303723
[input_vals] [-1.501 ,  0.    , -0.2715,  1.4137,  1.7279,  0.    ,  0.    ,  0.3665,  0.9414]
[output] 0.050175807516632004
[input_vals] [-1.501 ,  0.    , -0.2715,  1.4137,  1.7279,  0.    ,  0.    ,  0.3665,  1.0477]
[output] 0.34125655980034486
[input_vals] [-1.501 ,  0.    , -0.2715,  1.4137,  1.7279,  0.    ,  0.    ,  0.3665,  1.0064]
[output] 0.2082459914067208
[input_vals] [-1.501 ,  0.    , -0.2715,  1.4137,  1.7279,  0.    ,  0.    ,  0.3665,  0.9177]
[output] 0.09735370048821358
[input_vals] [-1.501 ,  0.    , -0.2715,  1.4137,  1.7279,  0.    ,  0.    ,  0.3665,  0.8976]
[output] 0.15972639766110378
[input_vals] [-1.501 ,  0.    , -0.2715,  1.4137,  1.7279,  0.    ,  0.    ,  0.3665,  0.9565]
[output] 0.0594107833893597
[input_vals] [-1.501 ,  0.    , -0.2715,  1.4137,  1.7279,  0.    ,  0.    ,  0.3665,  0.9409]
[output] 0.05056610104030261
[input_vals] [-1.501 ,  0.    , -0.2715,  1.4137,  1.7279,  0.    ,  0.    ,  0.3665,  0.9577]
[output] 0.061644962014882024
[input_vals] [-1.501 ,  0.    , -0.2715,  1.4137,  1.7279,  0.    ,  0.    ,  0.3665,  0.897 ]
[output] 0.1616298358845931
[input_vals] [-1.501 ,  0.    , -0.2715,  1.4137,  1.7279,  0.    ,  0.    ,  0.3665,  0.9382]
[output] 0.05323522229568027
[input_vals] [-1.501 ,  0.    , -0.2715,  1.4137,  1.7279,  0.    ,  0.    ,  0.3665,  0.9807]
[output] 0.12349051805317071
[input_vals] [-1.501 ,  0.    , -0.2715,  1.4137,  1.7279,  0.    ,  0.    ,  0.3665,  0.9484]
[output] 0.0495779984477405
[input_vals] [-1.501 ,  0.    , -0.2715,  1.4137,  1.7279,  0.    ,  0.    ,  0.3665,  0.9885]
[output] 0.14863854296831447
[input_vals] [-1.501 ,  0.    , -0.2715,  1.4137,  1.7279,  0.    ,  0.    ,  0.3665,  0.9388]
[output] 0.052529172680877374
[input_vals] [-1.501 ,  0.    , -0.2715,  1.4137,  1.7279,  0.    ,  0.    ,  0.3665,  0.9866]
[output] 0.14254020390376548
[input_vals] [-1.501 ,  0.    , -0.2715,  1.4137,  1.7279,  0.    ,  0.    ,  0.3665,  0.9246]
[output] 0.07917149658149443
[input_vals] [-1.501 ,  0.    , -0.2715,  1.4137,  1.7279,  0.    ,  0.    ,  0.3665,  0.8841]
[output] 0.20602935448099435
[input_vals] [-1.501 ,  0.    , -0.2715,  1.4137,  1.7279,  0.    ,  0.    ,  0.3665,  1.0223]
[output] 0.2607958239161406
[input_vals] [-1.501 ,  0.    , -0.2715,  1.4137,  1.7279,  0.    ,  0.    ,  0.3665,  0.9643]
[output] 0.07640372816479306
[input_vals] [-1.501 ,  0.    , -0.2715,  1.4137,  1.7279,  0.    ,  0.    ,  0.3665,  0.9704]
[output] 0.09281495934802099
[input_vals] [-1.501 ,  0.    , -0.2715,  1.4137,  1.7279,  0.    ,  0.    ,  0.3665,  0.9148]
[output] 0.10555705829226991
[input_vals] [-1.501 ,  0.    , -0.2715,  1.4137,  1.7279,  0.    ,  0.    ,  0.3665,  0.9963]
[output] 0.17439267148813967
[input_vals] [-1.501 ,  0.    , -0.2715,  1.4137,  1.7279,  0.    ,  0.    ,  0.3665,  0.9661]
[output] 0.08097860455023485
