[input_vals] [-1.501 ,  0.    , -0.2715,  1.4137,  1.7959, -0.1067,  0.0876,  0.3093,  0.95  ]
[output] 0.11491715516945672
[input_vals] [-1.501 ,  0.    , -0.2715,  1.4137,  1.6598, -0.1379, -0.0561,  0.4353,  0.95  ]
[output] 0.17413611581268543
[input_vals] [-1.501 ,  0.    , -0.2715,  1.4137,  1.8005, -0.0229, -0.0433,  0.3276,  0.95  ]
[output] 0.09134230397610438
[input_vals] [-1.501 ,  0.    , -0.2715,  1.4137,  1.5897,  0.0019,  0.0496,  0.2882,  0.95  ]
[output] 0.31988850239794003
[input_vals] [-1.501 ,  0.    , -0.2715,  1.4137,  1.5795, -0.0105,  0.0907,  0.4971,  0.95  ]
[output] 0.2522893497650435
[input_vals] [-1.501 ,  0.    , -0.2715,  1.4137,  1.8456, -0.1499, -0.019 ,  0.4762,  0.95  ]
[output] 0.27835949578965113
[input_vals] [-1.501 ,  0.    , -0.2715,  1.4137,  1.7169,  0.0346, -0.0588,  0.2964,  0.95  ]
[output] 0.06964661060914995
[input_vals] [-1.501 ,  0.    , -0.2715,  1.4137,  1.677 , -0.1244, -0.0337,  0.3658,  0.95  ]
[output] 0.17830857378519843
[input_vals] [-1.501 ,  0.    , -0.2715,  1.4137,  1.6255,  0.0151, -0.0301,  0.4345,  0.95  ]
[output] 0.1674914174447099
[input_vals] [-1.501 ,  0.    , -0.2715,  1.4137,  1.7015, -0.1943,  0.1275,  0.3844,  0.95  ]
[output] 0.25681229258188887
[input_vals] [-1.501 ,  0.    , -0.2715,  1.4137,  1.8199,  0.1302,  0.0581,  0.4359,  0.95  ]
[output] 0.22376757019237706
[input_vals] [-1.501 ,  0.    , -0.2715,  1.4137,  1.943 ,  0.0179, -0.0434,  0.4361,  0.95  ]
[output] 0.37437400100724033
[input_vals] [-1.501 ,  0.    , -0.2715,  1.4137,  1.8794, -0.172 , -0.1997,  0.2395,  0.95  ]
[output] 0.16413554646150233
[input_vals] [-1.501 ,  0.    , -0.2715,  1.4137,  1.6603,  0.0397,  0.2523,  0.4765,  0.95  ]
[output] 0.14168237123305924
[input_vals] [-1.501 ,  0.    , -0.2715,  1.4137,  1.7387,  0.0652,  0.0262,  0.218 ,  0.95  ]
[output] 0.04912490905908278
[input_vals] [-1.501 ,  0.    , -0.2715,  1.4137,  1.5032,  0.1444, -0.1778,  0.4468,  0.95  ]
[output] 0.43637614686285603
[input_vals] [-1.501 ,  0.    , -0.2715,  1.4137,  1.6782, -0.0562, -0.0076,  0.5055,  0.95  ]
[output] 0.09479545722637528
[input_vals] [-1.501 ,  0.    , -0.2715,  1.4137,  1.5821, -0.192 , -0.0669,  0.357 ,  0.95  ]
[output] 0.412401426252911
[input_vals] [-1.501 ,  0.    , -0.2715,  1.4137,  1.8317,  0.0642, -0.0197,  0.161 ,  0.95  ]
[output] 0.10421818150640522
[input_vals] [-1.501 ,  0.    , -0.2715,  1.4137,  1.727 , -0.0037,  0.132 ,  0.3052,  0.95  ]
[output] 0.07955971822814217
[input_vals] [-1.501 ,  0.    , -0.2715,  1.4137,  1.7155, -0.0783,  0.1593,  0.3973,  0.95  ]
[output] 0.14015530756607916
[input_vals] [-1.501 ,  0.    , -0.2715,  1.4137,  1.7743, -0.052 ,  0.1552,  0.3374,  0.95  ]
[output] 0.10204302392885853
[input_vals] [-1.501 ,  0.    , -0.2715,  1.4137,  1.8391,  0.1324,  0.0952,  0.3311,  0.95  ]
[output] 0.19794324310865136
[input_vals] [-1.501 ,  0.    , -0.2715,  1.4137,  1.8064,  0.0098,  0.0546,  0.3058,  0.95  ]
[output] 0.09280160100300847
[input_vals] [-1.501 ,  0.    , -0.2715,  1.4137,  1.5814, -0.095 , -0.1269,  0.3864,  0.95  ]
[output] 0.33462892708590136
[input_vals] [-1.501 ,  0.    , -0.2715,  1.4137,  1.6363, -0.1175, -0.0486,  0.0521,  0.95  ]
[output] 0.4397977456803384
[input_vals] [-1.501 ,  0.    , -0.2715,  1.4137,  1.6747, -0.112 ,  0.2192,  0.3363,  0.95  ]
[output] 0.23493203624742146
[input_vals] [-1.501 ,  0.    , -0.2715,  1.4137,  1.7834, -0.1009, -0.0631,  0.4378,  0.95  ]
[output] 0.14695245527966075
[input_vals] [-1.501 ,  0.    , -0.2715,  1.4137,  1.7191, -0.2784,  0.0868,  0.4811,  0.95  ]
[output] 0.3069203401704102
[input_vals] [-1.501 ,  0.    , -0.2715,  1.4137,  1.8712,  0.1276, -0.0666,  0.2263,  0.95  ]
[output] 0.22432098348121937
[input_vals] [-1.501 ,  0.    , -0.2715,  1.4137,  1.4592, -0.0313,  0.0714,  0.3969,  0.95  ]
[output] 0.5720453734136048
[input_vals] [-1.501 ,  0.    , -0.2715,  1.4137,  1.6422,  0.0194, -0.0934,  0.4068,  0.95  ]
[output] 0.15069051577134793
[input_vals] [-1.501 ,  0.    , -0.2715,  1.4137,  1.4723, -0.0224, -0.0554,  0.4548,  0.95  ]
[output] 0.5223769635405489
[input_vals] [-1.501 ,  0.    , -0.2715,  1.4137,  1.8754,  0.0275,  0.0166,  0.3805,  0.95  ]
[output] 0.23350990330884508
[input_vals] [-1.501 ,  0.    , -0.2715,  1.4137,  1.7005,  0.2678, -0.178 ,  0.5175,  0.95  ]
[output] 0.2671599705203659
[input_vals] [-1.501 ,  0.    , -0.2715,  1.4137,  1.6155, -0.0232,  0.0722,  0.453 ,  0.95  ]
[output] 0.2038270579791356
[input_vals] [-1.501 ,  0.    , -0.2715,  1.4137,  1.6086, -0.1243, -0.0255,  0.2248,  0.95  ]
[output] 0.3961061794557012
[input_vals] [-1.501 ,  0.    , -0.2715,  1.4137,  1.7495,  0.1439,  0.1184,  0.1473,  0.95  ]
[output] 0.06714547042730462
[input_vals] [-1.501 ,  0.    , -0.2715,  1.4137,  1.8704,  0.065 , -0.1448,  0.4668,  0.95  ]
[output] 0.31825023374664413
[input_vals] [-1.501 ,  0.    , -0.2715,  1.4137,  1.6726, -0.0258, -0.1859,  0.5222,  0.95  ]
[output] 0.10394867916957093
[input_vals] [-1.501 ,  0.    , -0.2715,  1.4137,  1.7069, -0.0684, -0.0137,  0.3883,  0.95  ]
[output] 0.09317015674804381
[input_vals] [-1.501 ,  0.    , -0.2715,  1.4137,  1.6004,  0.1016, -0.0338,  0.3634,  0.95  ]
[output] 0.2345410621301224
[input_vals] [-1.501 ,  0.    , -0.2715,  1.4137,  1.5723,  0.0621,  0.0655,  0.5346,  0.95  ]
[output] 0.2171890358495989
[input_vals] [-1.501 ,  0.    , -0.2715,  1.4137,  1.5344,  0.1162, -0.0445,  0.2128,  0.95  ]
[output] 0.4799511945651267
[input_vals] [-1.501 ,  0.    , -0.2715,  1.4137,  1.7819, -0.205 ,  0.016 ,  0.4247,  0.95  ]
[output] 0.2138919710419753
[input_vals] [-1.501 ,  0.    , -0.2715,  1.4137,  1.7159, -0.05  ,  0.092 ,  0.4667,  0.95  ]
[output] 0.09569177121845801
[input_vals] [-1.501 ,  0.    , -0.2715,  1.4137,  1.6916, -0.0148, -0.0218,  0.5986,  0.95  ]
[output] 0.09529715246274141
[input_vals] [-1.501 ,  0.    , -0.2715,  1.4137,  1.6454, -0.0172, -0.0846,  0.3791,  0.95  ]
[output] 0.1669035477122772
[input_vals] [-1.501 ,  0.    , -0.2715,  1.4137,  1.7177,  0.1024, -0.0649,  0.377 ,  0.95  ]
[output] 0.10990940823541655
[input_vals] [-1.501 ,  0.    , -0.2715,  1.4137,  1.7121,  0.0858, -0.0321,  0.2103,  0.95  ]
[output] 0.09362665458981398
[input_vals] [-1.501 ,  0.    , -0.2715,  1.4137,  1.9125, -0.0399, -0.0378,  0.269 ,  0.95  ]
[output] 0.22195841287409807
[input_vals] [-1.501 ,  0.    , -0.2715,  1.4137,  1.8066,  0.0198, -0.0065,  0.5218,  0.95  ]
[output] 0.1983697676066737
[input_vals] [-1.501 ,  0.    , -0.2715,  1.4137,  1.7528,  0.0791, -0.0429,  0.4047,  0.95  ]
[output] 0.11965299528859534
[input_vals] [-1.501 ,  0.    , -0.2715,  1.4137,  2.0813,  0.0974, -0.0765,  0.4081,  0.95  ]
[output] 0.5600132486566217
[input_vals] [-1.501 ,  0.    , -0.2715,  1.4137,  1.7681, -0.0099,  0.0444,  0.2224,  0.95  ]
[output] 0.04565056313587729
[input_vals] [-1.501 ,  0.    , -0.2715,  1.4137,  1.5807,  0.0684,  0.1307,  0.2475,  0.95  ]
[output] 0.37433906939457445
[input_vals] [-1.501 ,  0.    , -0.2715,  1.4137,  1.898 ,  0.1046, -0.2398,  0.3931,  0.95  ]
[output] 0.360515524749525
[input_vals] [-1.501 ,  0.    , -0.2715,  1.4137,  1.7551, -0.0742,  0.0058,  0.3701,  0.95  ]
[output] 0.07487856399293942
[input_vals] [-1.501 ,  0.    , -0.2715,  1.4137,  1.8384, -0.0669,  0.0309,  0.2684,  0.95  ]
[output] 0.10515962891582775
[input_vals] [-1.501 ,  0.    , -0.2715,  1.4137,  1.7632, -0.0838, -0.0688,  0.3018,  0.95  ]
[output] 0.058716448787262863
[input_vals] [-1.501 ,  0.    , -0.2715,  1.4137,  1.9013, -0.1149, -0.0285,  0.3769,  0.95  ]
[output] 0.28776473059036045
[input_vals] [-1.501 ,  0.    , -0.2715,  1.4137,  1.729 , -0.1898,  0.0431,  0.2574,  0.95  ]
[output] 0.2244707526864693
[input_vals] [-1.501 ,  0.    , -0.2715,  1.4137,  1.6568, -0.1362,  0.078 ,  0.345 ,  0.95  ]
[output] 0.2624514702796072
[input_vals] [-1.501 ,  0.    , -0.2715,  1.4137,  1.5479, -0.056 , -0.014 ,  0.3853,  0.95  ]
[output] 0.40185765637429854
[input_vals] [-1.501 ,  0.    , -0.2715,  1.4137,  1.6925, -0.1583, -0.0659,  0.36  ,  0.95  ]
[output] 0.16786452182257677
[input_vals] [-1.501 ,  0.    , -0.2715,  1.4137,  1.7073,  0.0121,  0.19  ,  0.2777,  0.95  ]
[output] 0.13208667113566355
[input_vals] [-1.501 ,  0.    , -0.2715,  1.4137,  1.8454, -0.0114,  0.0225,  0.4709,  0.95  ]
[output] 0.22365258952452974
[input_vals] [-1.501 ,  0.    , -0.2715,  1.4137,  1.6318,  0.0372,  0.0069,  0.1553,  0.95  ]
[output] 0.29483725326140364
[input_vals] [-1.501 ,  0.    , -0.2715,  1.4137,  1.8475,  0.1266, -0.1835,  0.5484,  0.95  ]
[output] 0.35195507992150427
[input_vals] [-1.501 ,  0.    , -0.2715,  1.4137,  1.6494, -0.1041, -0.0372,  0.3269,  0.95  ]
[output] 0.2379271131523501
[input_vals] [-1.501 ,  0.    , -0.2715,  1.4137,  1.6492,  0.1136, -0.0336,  0.4751,  0.95  ]
[output] 0.1138754023394611
[input_vals] [-1.501 ,  0.    , -0.2715,  1.4137,  1.8012,  0.0167,  0.081 ,  0.1353,  0.95  ]
[output] 0.04403613175119999
[input_vals] [-1.501 ,  0.    , -0.2715,  1.4137,  1.7756,  0.0913,  0.0733,  0.4039,  0.95  ]
[output] 0.1284445830117593
[input_vals] [-1.501 ,  0.    , -0.2715,  1.4137,  1.5784, -0.0057,  0.0541,  0.365 ,  0.95  ]
[output] 0.3082257435101972
[input_vals] [-1.501 ,  0.    , -0.2715,  1.4137,  1.7264, -0.0385,  0.0179,  0.4036,  0.95  ]
[output] 0.0652099993137944
[input_vals] [-1.501 ,  0.    , -0.2715,  1.4137,  1.629 ,  0.0296,  0.0896,  0.3813,  0.95  ]
[output] 0.1737725368517228
[input_vals] [-1.501 ,  0.    , -0.2715,  1.4137,  1.7443, -0.0113,  0.1919,  0.4436,  0.95  ]
[output] 0.09808944786796178
[input_vals] [-1.501 ,  0.    , -0.2715,  1.4137,  1.6793, -0.1187,  0.0133,  0.5146,  0.95  ]
[output] 0.14921432503667661
[input_vals] [-1.501 ,  0.    , -0.2715,  1.4137,  1.5484, -0.0647,  0.1045,  0.3846,  0.95  ]
[output] 0.4008357727575005
[input_vals] [-1.501 ,  0.    , -0.2715,  1.4137,  1.6969, -0.0197,  0.1063,  0.3635,  0.95  ]
[output] 0.10052462853162332
[input_vals] [-1.501 ,  0.    , -0.2715,  1.4137,  1.5814, -0.0889,  0.0121,  0.37  ,  0.95  ]
[output] 0.35591810986774497
[input_vals] [-1.501 ,  0.    , -0.2715,  1.4137,  1.7782, -0.0519,  0.0638,  0.3854,  0.95  ]
[output] 0.08796221689294995
[input_vals] [-1.501 ,  0.    , -0.2715,  1.4137,  1.6813,  0.0938, -0.0323,  0.4512,  0.95  ]
[output] 0.09191940144392546
[input_vals] [-1.501 ,  0.    , -0.2715,  1.4137,  1.794 ,  0.0059,  0.0613,  0.2067,  0.95  ]
[output] 0.047451133995291585
[input_vals] [-1.501 ,  0.    , -0.2715,  1.4137,  1.5667,  0.1017,  0.0693,  0.3218,  0.95  ]
[output] 0.3403869987822741
[input_vals] [-1.501 ,  0.    , -0.2715,  1.4137,  1.6276,  0.0124, -0.0537,  0.3865,  0.95  ]
[output] 0.18936248956295765
[input_vals] [-1.501 ,  0.    , -0.2715,  1.4137,  1.704 ,  0.1158, -0.1611,  0.4638,  0.95  ]
[output] 0.1706708268659451
[input_vals] [-1.501 ,  0.    , -0.2715,  1.4137,  1.6064,  0.0046,  0.0247,  0.3752,  0.95  ]
[output] 0.2377189517335326
[input_vals] [-1.501 ,  0.    , -0.2715,  1.4137,  1.6323, -0.0469, -0.004 ,  0.4609,  0.95  ]
[output] 0.17307829032313488
[input_vals] [-1.501 ,  0.    , -0.2715,  1.4137,  1.8015, -0.0827, -0.333 ,  0.3174,  0.95  ]
[output] 0.13934394267142086
[input_vals] [-1.501 ,  0.    , -0.2715,  1.4137,  1.5237, -0.1132, -0.1043,  0.4708,  0.95  ]
[output] 0.4243802798039169
[input_vals] [-1.501 ,  0.    , -0.2715,  1.4137,  1.7468, -0.2058, -0.0036,  0.4474,  0.95  ]
[output] 0.19435495538326458
[input_vals] [-1.501 ,  0.    , -0.2715,  1.4137,  1.7578,  0.1387, -0.0921,  0.3301,  0.95  ]
[output] 0.16206632533202991
[input_vals] [-1.501 ,  0.    , -0.2715,  1.4137,  1.6192, -0.1675,  0.0508,  0.262 ,  0.95  ]
[output] 0.3914567146861626
[input_vals] [-1.501 ,  0.    , -0.2715,  1.4137,  1.6791, -0.1006,  0.1252,  0.2961,  0.95  ]
[output] 0.2146109608533563
[input_vals] [-1.501 ,  0.    , -0.2715,  1.4137,  1.7666,  0.0752, -0.0293,  0.3781,  0.95  ]
[output] 0.1185412267802194
[input_vals] [-1.501 ,  0.    , -0.2715,  1.4137,  1.8428,  0.1892, -0.0308,  0.4003,  0.95  ]
[output] 0.2797265281976418
[input_vals] [-1.501 ,  0.    , -0.2715,  1.4137,  1.6227,  0.025 ,  0.1093,  0.2913,  0.95  ]
[output] 0.24003583712663487
[input_vals] [-1.501 ,  0.    , -0.2715,  1.4137,  1.6128,  0.1088, -0.0768,  0.6135,  0.95  ]
[output] 0.1334002118274127
[input_vals] [-1.501 ,  0.    , -0.2715,  1.4137,  1.7439,  0.109 , -0.0572,  0.5369,  0.95  ]
[output] 0.1699835231134489
[input_vals] [-1.501 ,  0.    , -0.2715,  1.4137,  1.7237,  0.0968,  0.0723,  0.281 ,  0.95  ]
[output] 0.05282003208250507
[input_vals] [-1.501 ,  0.    , -0.2715,  1.4137,  1.8709,  0.1866, -0.0509,  0.351 ,  0.95  ]
[output] 0.29781538387617135
[input_vals] [-1.501 ,  0.    , -0.2715,  1.4137,  1.6386,  0.0997, -0.0276,  0.2433,  0.95  ]
[output] 0.21522464926980941
[input_vals] [-1.501 ,  0.    , -0.2715,  1.4137,  1.8593, -0.1353, -0.0245,  0.2076,  0.95  ]
[output] 0.11639222762439728
[input_vals] [-1.501 ,  0.    , -0.2715,  1.4137,  1.7586, -0.074 , -0.1146,  0.4115,  0.95  ]
[output] 0.09510811568806701
[input_vals] [-1.501 ,  0.    , -0.2715,  1.4137,  1.7367, -0.068 ,  0.1056,  0.4647,  0.95  ]
[output] 0.107945144464395
[input_vals] [-1.501 ,  0.    , -0.2715,  1.4137,  1.5966,  0.0433, -0.2096,  0.4802,  0.95  ]
[output] 0.22042041490390465
[input_vals] [-1.501 ,  0.    , -0.2715,  1.4137,  1.8298, -0.0448, -0.0261,  0.3182,  0.95  ]
[output] 0.11856032661486768
[input_vals] [-1.501 ,  0.    , -0.2715,  1.4137,  1.6993, -0.1547, -0.0425,  0.2949,  0.95  ]
[output] 0.19550777719668025
[input_vals] [-1.501 ,  0.    , -0.2715,  1.4137,  1.685 ,  0.1074,  0.0426,  0.4797,  0.95  ]
[output] 0.08579943352716758
[input_vals] [-1.501 ,  0.    , -0.2715,  1.4137,  1.6261,  0.154 , -0.1322,  0.3537,  0.95  ]
[output] 0.2208640241107005
[input_vals] [-1.501 ,  0.    , -0.2715,  1.4137,  1.8515,  0.0046,  0.0373,  0.3429,  0.95  ]
[output] 0.17035299546343946
[input_vals] [-1.501 ,  0.    , -0.2715,  1.4137,  1.6499, -0.1066, -0.0793,  0.2072,  0.95  ]
[output] 0.3017315260988437
[input_vals] [-1.501 ,  0.    , -0.2715,  1.4137,  1.673 ,  0.0549,  0.0116,  0.4119,  0.95  ]
[output] 0.0817358769501321
[input_vals] [-1.501 ,  0.    , -0.2715,  1.4137,  1.5878, -0.0274,  0.0494,  0.3204,  0.95  ]
[output] 0.3224139763004347
[input_vals] [-1.501 ,  0.    , -0.2715,  1.4137,  1.8498,  0.1409,  0.0454,  0.4491,  0.95  ]
[output] 0.27790817943394824
[input_vals] [-1.501 ,  0.    , -0.2715,  1.4137,  1.7423,  0.1329,  0.0645,  0.4644,  0.95  ]
[output] 0.13714559008602237
[input_vals] [-1.501 ,  0.    , -0.2715,  1.4137,  1.7835, -0.0237, -0.079 ,  0.3668,  0.95  ]
[output] 0.09946042265614925
[input_vals] [-1.501 ,  0.    , -0.2715,  1.4137,  1.8825,  0.0291,  0.0554,  0.5142,  0.95  ]
[output] 0.30964004800278855
[input_vals] [-1.501 ,  0.    , -0.2715,  1.4137,  1.7893,  0.1676,  0.0302,  0.4913,  0.95  ]
[output] 0.22928400247150316
[input_vals] [-1.501 ,  0.    , -0.2715,  1.4137,  1.7984,  0.077 ,  0.1708,  0.3722,  0.95  ]
[output] 0.13686119841052094
[input_vals] [-1.501 ,  0.    , -0.2715,  1.4137,  1.9215, -0.0604, -0.1411,  0.2328,  0.95  ]
[output] 0.22714263473261642
[input_vals] [-1.501 ,  0.    , -0.2715,  1.4137,  1.7934,  0.0936,  0.0552,  0.294 ,  0.95  ]
[output] 0.11032625143015216
[input_vals] [-1.501 ,  0.    , -0.2715,  1.4137,  1.9332,  0.1672, -0.0584,  0.3886,  0.95  ]
[output] 0.3857333700754452
[input_vals] [-1.501 ,  0.    , -0.2715,  1.4137,  1.7977,  0.0073,  0.0212,  0.3197,  0.95  ]
[output] 0.08594469449258069
[input_vals] [-1.501 ,  0.    , -0.2715,  1.4137,  1.794 ,  0.0176,  0.1416,  0.3441,  0.95  ]
[output] 0.10673536628141472
[input_vals] [-1.501 ,  0.    , -0.2715,  1.4137,  1.7336, -0.1189, -0.0252,  0.5615,  0.95  ]
[output] 0.17731095175985634
[input_vals] [-1.501 ,  0.    , -0.2715,  1.4137,  1.7946, -0.0232,  0.0477,  0.2836,  0.95  ]
[output] 0.06425890625769827
[input_vals] [-1.501 ,  0.    , -0.2715,  1.4137,  1.5889,  0.0841, -0.1909,  0.3884,  0.95  ]
[output] 0.28673787875714446
[input_vals] [-1.501 ,  0.    , -0.2715,  1.4137,  1.6623,  0.0566, -0.1889,  0.2684,  0.95  ]
[output] 0.1880380945876897
[input_vals] [-1.501 ,  0.    , -0.2715,  1.4137,  1.8929, -0.0185, -0.1934,  0.522 ,  0.95  ]
[output] 0.3686270359826249
[input_vals] [-1.501 ,  0.    , -0.2715,  1.4137,  1.787 ,  0.0304, -0.0419,  0.3402,  0.95  ]
[output] 0.10466846421255845
[input_vals] [-1.501 ,  0.    , -0.2715,  1.4137,  1.7856, -0.0438, -0.0743,  0.2144,  0.95  ]
[output] 0.0
[input_vals] [-1.501 ,  0.    , -0.2715,  1.4137,  1.7313,  0.1121,  0.1628,  0.2073,  0.95  ]
[output] 0.08314470244873746
[input_vals] [-1.501 ,  0.    , -0.2715,  1.4137,  1.8342, -0.0595, -0.0388,  0.4485,  0.95  ]
[output] 0.22015142480331834
[input_vals] [-1.501 ,  0.    , -0.2715,  1.4137,  1.7295,  0.0476, -0.2557,  0.4021,  0.95  ]
[output] 0.15827224508424703
[input_vals] [-1.501 ,  0.    , -0.2715,  1.4137,  1.8474, -0.0668, -0.0374,  0.3225,  0.95  ]
[output] 0.14996988564700958
[input_vals] [-1.501 ,  0.    , -0.2715,  1.4137,  1.7248, -0.0428, -0.0918,  0.5372,  0.95  ]
[output] 0.13021222197770604
[input_vals] [-1.501 ,  0.    , -0.2715,  1.4137,  1.5425, -0.0676, -0.0093,  0.2881,  0.95  ]
[output] 0.4707436293961367
[input_vals] [-1.501 ,  0.    , -0.2715,  1.4137,  1.6532, -0.1036,  0.0304,  0.3222,  0.95  ]
[output] 0.24246303889534712
[input_vals] [-1.501 ,  0.    , -0.2715,  1.4137,  1.929 , -0.2097,  0.1467,  0.4426,  0.95  ]
[output] 0.4097813951586534
[input_vals] [-1.501 ,  0.    , -0.2715,  1.4137,  1.8724, -0.2781,  0.0839,  0.19  ,  0.95  ]
[output] 0.2536026953321075
[input_vals] [-1.501 ,  0.    , -0.2715,  1.4137,  1.6766, -0.0285, -0.0181,  0.5498,  0.95  ]
[output] 0.08077065669193448
[input_vals] [-1.501 ,  0.    , -0.2715,  1.4137,  1.5777, -0.0994,  0.1537,  0.4357,  0.95  ]
[output] 0.3511652081812031
[input_vals] [-1.501 ,  0.    , -0.2715,  1.4137,  1.6641,  0.0188, -0.0151,  0.3745,  0.95  ]
[output] 0.11714512170334859
[input_vals] [-1.501 ,  0.    , -0.2715,  1.4137,  1.7355, -0.0325,  0.2241,  0.2395,  0.95  ]
[output] 0.16041668961211256
[input_vals] [-1.501 ,  0.    , -0.2715,  1.4137,  1.503 , -0.0206,  0.1337,  0.1753,  0.95  ]
[output] 0.6192760753726031
[input_vals] [-1.501 ,  0.    , -0.2715,  1.4137,  1.6892,  0.0599,  0.2244,  0.4517,  0.95  ]
[output] 0.09701031961250976
[input_vals] [-1.501 ,  0.    , -0.2715,  1.4137,  1.6444, -0.0454,  0.0431,  0.2355,  0.95  ]
[output] 0.254942621440592
[input_vals] [-1.501 ,  0.    , -0.2715,  1.4137,  1.5878,  0.2124, -0.0233,  0.3244,  0.95  ]
[output] 0.31417539919447957
[input_vals] [-1.501 ,  0.    , -0.2715,  1.4137,  1.7067,  0.0228,  0.0041,  0.3529,  0.95  ]
[output] 0.06079629573793892
[input_vals] [-1.501 ,  0.    , -0.2715,  1.4137,  1.8487,  0.0971, -0.1665,  0.3709,  0.95  ]
[output] 0.26670905700505126
[input_vals] [-1.501 ,  0.    , -0.2715,  1.4137,  1.6946,  0.1057, -0.0246,  0.419 ,  0.95  ]
[output] 0.09456730642795162
[input_vals] [-1.501 ,  0.    , -0.2715,  1.4137,  1.6501,  0.0381,  0.1448,  0.2584,  0.95  ]
[output] 0.210812922622204
[input_vals] [-1.501 ,  0.    , -0.2715,  1.4137,  1.7402,  0.0312,  0.0913,  0.138 ,  0.95  ]
[output] 0.08993553964190534
[input_vals] [-1.501 ,  0.    , -0.2715,  1.4137,  1.8091,  0.0642,  0.0762,  0.3907,  0.95  ]
[output] 0.1555520219446114
[input_vals] [-1.501 ,  0.    , -0.2715,  1.4137,  1.5246, -0.1119, -0.0098,  0.3604,  0.95  ]
[output] 0.5020428415329616
[input_vals] [-1.501 ,  0.    , -0.2715,  1.4137,  1.8195,  0.0588, -0.1411,  0.2187,  0.95  ]
[output] 0.147040752342752
[input_vals] [-1.501 ,  0.    , -0.2715,  1.4137,  1.6392, -0.1059,  0.1222,  0.444 ,  0.95  ]
[output] 0.24117435285416322
[input_vals] [-1.501 ,  0.    , -0.2715,  1.4137,  1.8049,  0.0227, -0.2392,  0.416 ,  0.95  ]
[output] 0.22637422723161407
[input_vals] [-1.501 ,  0.    , -0.2715,  1.4137,  1.8614,  0.073 ,  0.1014,  0.4146,  0.95  ]
[output] 0.25063395683068107
[input_vals] [-1.501 ,  0.    , -0.2715,  1.4137,  1.7809,  0.0059,  0.1169,  0.3522,  0.95  ]
[output] 0.08595968788826845
[input_vals] [-1.501 ,  0.    , -0.2715,  1.4137,  1.706 ,  0.0066,  0.0231,  0.2711,  0.95  ]
[output] 0.08800739396316831
[input_vals] [-1.501 ,  0.    , -0.2715,  1.4137,  1.6817,  0.0093, -0.0672,  0.2435,  0.95  ]
[output] 0.14919730858933192
[input_vals] [-1.501 ,  0.    , -0.2715,  1.4137,  1.7495,  0.2012,  0.0089,  0.3852,  0.95  ]
[output] 0.1704163862710024
[input_vals] [-1.501 ,  0.    , -0.2715,  1.4137,  1.8147, -0.0542, -0.1732,  0.304 ,  0.95  ]
[output] 0.12251808383936076
[input_vals] [-1.501 ,  0.    , -0.2715,  1.4137,  1.8747, -0.0558,  0.0007,  0.3651,  0.95  ]
[output] 0.21650232462196795
[input_vals] [-1.501 ,  0.    , -0.2715,  1.4137,  1.6846,  0.0367, -0.0091,  0.5151,  0.95  ]
[output] 0.06970578209624041
[input_vals] [-1.501 ,  0.    , -0.2715,  1.4137,  1.6948, -0.0405, -0.2278,  0.3686,  0.95  ]
[output] 0.08390788273584358
[input_vals] [-1.501 ,  0.    , -0.2715,  1.4137,  1.6907,  0.0436, -0.0537,  0.2465,  0.95  ]
[output] 0.11928172131809446
[input_vals] [-1.501 ,  0.    , -0.2715,  1.4137,  1.7599,  0.1119, -0.093 ,  0.46  ,  0.95  ]
[output] 0.17946986397289072
[input_vals] [-1.501 ,  0.    , -0.2715,  1.4137,  1.7122,  0.0263, -0.0685,  0.4045,  0.95  ]
[output] 0.07240469727534277
[input_vals] [-1.501 ,  0.    , -0.2715,  1.4137,  1.5745, -0.1617, -0.0702,  0.332 ,  0.95  ]
[output] 0.42860980450483355
[input_vals] [-1.501 ,  0.    , -0.2715,  1.4137,  1.543 ,  0.0151,  0.0766,  0.3959,  0.95  ]
[output] 0.3619480239422482
[input_vals] [-1.501 ,  0.    , -0.2715,  1.4137,  1.6784, -0.1135,  0.0945,  0.4629,  0.95  ]
[output] 0.1790538473281889
[input_vals] [-1.501 ,  0.    , -0.2715,  1.4137,  1.7137,  0.036 ,  0.1912,  0.36  ,  0.95  ]
[output] 0.08676202125735974
[input_vals] [-1.501 ,  0.    , -0.2715,  1.4137,  1.8151, -0.128 , -0.0788,  0.3697,  0.95  ]
[output] 0.14846954002380613
[input_vals] [-1.501 ,  0.    , -0.2715,  1.4137,  1.7244,  0.0735,  0.0789,  0.4359,  0.95  ]
[output] 0.07395679430221687
[input_vals] [-1.501 ,  0.    , -0.2715,  1.4137,  1.8538,  0.0251,  0.1604,  0.3114,  0.95  ]
[output] 0.18769839109345723
[input_vals] [-1.501 ,  0.    , -0.2715,  1.4137,  1.9089,  0.0992, -0.1985,  0.1842,  0.95  ]
[output] 0.2724763878594431
[input_vals] [-1.501 ,  0.    , -0.2715,  1.4137,  1.7003,  0.0634, -0.0451,  0.4409,  0.95  ]
[output] 0.08296775087396788
[input_vals] [-1.501 ,  0.    , -0.2715,  1.4137,  1.7891,  0.0544,  0.0209,  0.3367,  0.95  ]
[output] 0.10541903209749988
[input_vals] [-1.501 ,  0.    , -0.2715,  1.4137,  1.5788, -0.1234, -0.1199,  0.3842,  0.95  ]
[output] 0.35532554992512766
[input_vals] [-1.501 ,  0.    , -0.2715,  1.4137,  1.7238, -0.0595, -0.0072,  0.3901,  0.95  ]
[output] 0.0733697437069732
[input_vals] [-1.501 ,  0.    , -0.2715,  1.4137,  1.7243,  0.1052, -0.0115,  0.3264,  0.95  ]
[output] 0.08689683777857458
[input_vals] [-1.501 ,  0.    , -0.2715,  1.4137,  1.8283,  0.1549,  0.04  ,  0.4495,  0.95  ]
[output] 0.2550753746890643
[input_vals] [-1.501 ,  0.    , -0.2715,  1.4137,  1.6195,  0.1828,  0.1031,  0.3615,  0.95  ]
[output] 0.23397338632369616
[input_vals] [-1.501 ,  0.    , -0.2715,  1.4137,  1.885 ,  0.0091,  0.0216,  0.2933,  0.95  ]
[output] 0.20028668066886757
[input_vals] [-1.501 ,  0.    , -0.2715,  1.4137,  1.589 , -0.1075, -0.0279,  0.4234,  0.95  ]
[output] 0.31517751216530726
[input_vals] [-1.501 ,  0.    , -0.2715,  1.4137,  1.7403,  0.0711, -0.0081,  0.4085,  0.95  ]
[output] 0.09387471445437566
[input_vals] [-1.501 ,  0.    , -0.2715,  1.4137,  1.7129, -0.0989, -0.0842,  0.3028,  0.95  ]
[output] 0.11746328591384063
[input_vals] [-1.501 ,  0.    , -0.2715,  1.4137,  1.6942, -0.1189, -0.075 ,  0.5619,  0.95  ]
[output] 0.1366659583504379
[input_vals] [-1.501 ,  0.    , -0.2715,  1.4137,  1.6593,  0.0398, -0.1232,  0.3723,  0.95  ]
[output] 0.1372758057177728
[input_vals] [-1.501 ,  0.    , -0.2715,  1.4137,  1.8599,  0.0801,  0.0272,  0.3162,  0.95  ]
[output] 0.2064528711326186
[input_vals] [-1.501 ,  0.    , -0.2715,  1.4137,  1.808 , -0.1309, -0.0297,  0.5238,  0.95  ]
[output] 0.246223748109314
[input_vals] [-1.501 ,  0.    , -0.2715,  1.4137,  1.7404, -0.0462, -0.0239,  0.2013,  0.95  ]
[output] 0.09180771929115424
[input_vals] [-1.501 ,  0.    , -0.2715,  1.4137,  1.5251, -0.097 ,  0.2278,  0.5186,  0.95  ]
[output] 0.4328343782912266
[input_vals] [-1.501 ,  0.    , -0.2715,  1.4137,  1.7986,  0.0762, -0.1677,  0.588 ,  0.95  ]
[output] 0.29341361578369357
[input_vals] [-1.501 ,  0.    , -0.2715,  1.4137,  1.6594, -0.0403, -0.0126,  0.3911,  0.95  ]
[output] 0.1486735756236566
[input_vals] [-1.501 ,  0.    , -0.2715,  1.4137,  1.6433, -0.18  , -0.0027,  0.4817,  0.95  ]
[output] 0.22885913314831144
