[input_vals] [-1.4224, -0.1407, -0.3835,  1.5161,  1.7279,  0.    ,  0.    ,  0.3665,  0.95  ]
[output] 0.1935982633205479
[input_vals] [-1.4826,  0.0838, -0.1235,  1.273 ,  1.7279,  0.    ,  0.    ,  0.3665,  0.95  ]
[output] 0.07176438126103832
[input_vals] [-1.4606,  0.0953, -0.1793,  1.4947,  1.7279,  0.    ,  0.    ,  0.3665,  0.95  ]
[output] 0.1791519791758576
[input_vals] [-1.4246, -0.0492, -0.2743,  1.4172,  1.7279,  0.    ,  0.    ,  0.3665,  0.95  ]
[output] 0.1129395555256555
[input_vals] [-1.674 ,  0.0538, -0.1223,  1.4715,  1.7279,  0.    ,  0.    ,  0.3665,  0.95  ]
[output] 0.12372642537183744
[input_vals] [-1.5555, -0.0472, -0.3158,  1.3443,  1.7279,  0.    ,  0.    ,  0.3665,  0.95  ]
[output] 0.10419045004411748
[input_vals] [-1.5462, -0.2138, -0.1946,  1.4657,  1.7279,  0.    ,  0.    ,  0.3665,  0.95  ]
[output] 0.15231950576217076
[input_vals] [-1.5317,  0.2204, -0.2467,  1.3873,  1.7279,  0.    ,  0.    ,  0.3665,  0.95  ]
[output] 0.13260086814108224
[input_vals] [-1.3582, -0.0886, -0.2105,  1.5634,  1.7279,  0.    ,  0.    ,  0.3665,  0.95  ]
[output] 0.4093238724627709
[input_vals] [-1.4251,  0.0275, -0.3581,  1.582 ,  1.7279,  0.    ,  0.    ,  0.3665,  0.95  ]
[output] 0.33982743274394744
[input_vals] [-1.5895,  0.0493, -0.2913,  1.6092,  1.7279,  0.    ,  0.    ,  0.3665,  0.95  ]
[output] 0.11588794129309864
[input_vals] [-1.6077, -0.0975, -0.2164,  1.4635,  1.7279,  0.    ,  0.    ,  0.3665,  0.95  ]
[output] 0.12296226859175487
[input_vals] [-1.4785,  0.024 , -0.2144,  1.516 ,  1.7279,  0.    ,  0.    ,  0.3665,  0.95  ]
[output] 0.1494488711164262
[input_vals] [-1.4052,  0.0212, -0.2363,  1.1672,  1.7279,  0.    ,  0.    ,  0.3665,  0.95  ]
[output] 0.07200632263856521
[input_vals] [-1.6305,  0.1855, -0.0978,  1.3656,  1.7279,  0.    ,  0.    ,  0.3665,  0.95  ]
[output] 0.11556547303547654
[input_vals] [-1.4238, -0.047 , -0.3469,  1.2252,  1.7279,  0.    ,  0.    ,  0.3665,  0.95  ]
[output] 0.06846980166561799
[input_vals] [-1.513 ,  0.1046, -0.3194,  1.5241,  1.7279,  0.    ,  0.    ,  0.3665,  0.95  ]
[output] 0.17957231124961284
[input_vals] [-1.4901, -0.1793, -0.3047,  1.4313,  1.7279,  0.    ,  0.    ,  0.3665,  0.95  ]
[output] 0.09740147710515942
[input_vals] [-1.582 , -0.1643, -0.2336,  1.381 ,  1.7279,  0.    ,  0.    ,  0.3665,  0.95  ]
[output] 0.17324749939552234
[input_vals] [-1.5698,  0.026 , -0.2463,  1.4142,  1.7279,  0.    ,  0.    ,  0.3665,  0.95  ]
[output] 0.06591667319721452
[input_vals] [-1.4723, -0.0237, -0.3553,  1.5043,  1.7279,  0.    ,  0.    ,  0.3665,  0.95  ]
[output] 0.14651660557639407
[input_vals] [-1.3824,  0.0643, -0.3026,  1.4325,  1.7279,  0.    ,  0.    ,  0.3665,  0.95  ]
[output] 0.2524875223977364
[input_vals] [-1.5337,  0.076 , -0.1929,  1.3471,  1.7279,  0.    ,  0.    ,  0.3665,  0.95  ]
[output] 0.06730104079478966
[input_vals] [-1.4434, -0.0498, -0.1048,  1.3455,  1.7279,  0.    ,  0.    ,  0.3665,  0.95  ]
[output] 0.08904774775706005
[input_vals] [-1.5981,  0.0224, -0.1952,  1.4531,  1.7279,  0.    ,  0.    ,  0.3665,  0.95  ]
[output] 0.07568543294781886
[input_vals] [-1.3527,  0.0856, -0.2504,  1.3951,  1.7279,  0.    ,  0.    ,  0.3665,  0.95  ]
[output] 0.26289690118605846
[input_vals] [-1.3711, -0.1557, -0.2871,  1.4242,  1.7279,  0.    ,  0.    ,  0.3665,  0.95  ]
[output] 0.19538639235349733
[input_vals] [-1.6677,  0.0761, -0.3503,  1.4274,  1.7279,  0.    ,  0.    ,  0.3665,  0.95  ]
[output] 0.12323308364094102
[input_vals] [-1.577 ,  0.2102, -0.4506,  1.4903,  1.7279,  0.    ,  0.    ,  0.3665,  0.95  ]
[output] 0.26651786911329817
[input_vals] [-1.5861, -0.0349, -0.28  ,  1.3727,  1.7279,  0.    ,  0.    ,  0.3665,  0.95  ]
[output] 0.11350500309935843
[input_vals] [-1.3436, -0.1148, -0.2959,  1.401 ,  1.7279,  0.    ,  0.    ,  0.3665,  0.95  ]
[output] 0.21736241471013182
[input_vals] [-1.5423,  0.0287, -0.2731,  1.5669,  1.7279,  0.    ,  0.    ,  0.3665,  0.95  ]
[output] 0.12214409113873169
[input_vals] [-1.5405, -0.0186, -0.3475,  1.517 ,  1.7279,  0.    ,  0.    ,  0.3665,  0.95  ]
[output] 0.07836071669852346
[input_vals] [-1.4271,  0.0323, -0.1345,  1.5173,  1.7279,  0.    ,  0.    ,  0.3665,  0.95  ]
[output] 0.2326460099472191
[input_vals] [-1.5888,  0.1081, -0.1528,  1.2387,  1.7279,  0.    ,  0.    ,  0.3665,  0.95  ]
[output] 0.15973533236852536
[input_vals] [-1.5906,  0.1324, -0.3792,  1.5195,  1.7279,  0.    ,  0.    ,  0.3665,  0.95  ]
[output] 0.1516017359750881
[input_vals] [-1.44  ,  0.0538, -0.2832,  1.4417,  1.7279,  0.    ,  0.    ,  0.3665,  0.95  ]
[output] 0.1584387975504862
[input_vals] [-1.4181, -0.0817, -0.3912,  1.4811,  1.7279,  0.    ,  0.    ,  0.3665,  0.95  ]
[output] 0.17858925757545227
[input_vals] [-1.7388,  0.0316, -0.269 ,  1.3008,  1.7279,  0.    ,  0.    ,  0.3665,  0.95  ]
[output] 0.252533667588037
[input_vals] [-1.5789, -0.1123, -0.3502,  1.6057,  1.7279,  0.    ,  0.    ,  0.3665,  0.95  ]
[output] 0.07582967511919196
[input_vals] [-1.4428, -0.0021, -0.2739,  1.5713,  1.7279,  0.    ,  0.    ,  0.3665,  0.95  ]
[output] 0.2790008453442619
[input_vals] [-1.6273,  0.0207, -0.443 ,  1.2657,  1.7279,  0.    ,  0.    ,  0.3665,  0.95  ]
[output] 0.19111919634872201
[input_vals] [-1.5018,  0.2331, -0.3519,  1.4984,  1.7279,  0.    ,  0.    ,  0.3665,  0.95  ]
[output] 0.2874369850441575
[input_vals] [-1.5181,  0.0235, -0.2309,  1.2349,  1.7279,  0.    ,  0.    ,  0.3665,  0.95  ]
[output] 0.12136825082166082
[input_vals] [-1.3391,  0.005 , -0.236 ,  1.4847,  1.7279,  0.    ,  0.    ,  0.3665,  0.95  ]
[output] 0.36451763256882747
[input_vals] [-1.2807,  0.1464, -0.2747,  1.4251,  1.7279,  0.    ,  0.    ,  0.3665,  0.95  ]
[output] 0.47936958391386886
[input_vals] [-1.4735,  0.0875, -0.1807,  1.1809,  1.7279,  0.    ,  0.    ,  0.3665,  0.95  ]
[output] 0.10098967161188077
[input_vals] [-1.6452,  0.0394, -0.172 ,  1.4116,  1.7279,  0.    ,  0.    ,  0.3665,  0.95  ]
[output] 0.1310261722953128
[input_vals] [-1.426 , -0.186 , -0.5406,  1.4643,  1.7279,  0.    ,  0.    ,  0.3665,  0.95  ]
[output] 0.10628375640178504
[input_vals] [-1.3512,  0.0662, -0.2956,  1.3201,  1.7279,  0.    ,  0.    ,  0.3665,  0.95  ]
[output] 0.17799385229259213
[input_vals] [-1.167 , -0.1311, -0.4125,  1.4726,  1.7279,  0.    ,  0.    ,  0.3665,  0.95  ]
[output] 0.6039067558630413
[input_vals] [-1.2311,  0.0086, -0.4734,  1.4119,  1.7279,  0.    ,  0.    ,  0.3665,  0.95  ]
[output] 0.46965885803630686
[input_vals] [-1.6761, -0.0628, -0.5008,  1.5431,  1.7279,  0.    ,  0.    ,  0.3665,  0.95  ]
[output] 0.12876301706095755
[input_vals] [-1.6164,  0.0139, -0.1176,  1.1686,  1.7279,  0.    ,  0.    ,  0.3665,  0.95  ]
[output] 0.24068443493803462
[input_vals] [-1.2947,  0.0601, -0.3453,  1.4793,  1.7279,  0.    ,  0.    ,  0.3665,  0.95  ]
[output] 0.4663383539793232
[input_vals] [-1.4839,  0.0498, -0.4466,  1.4173,  1.7279,  0.    ,  0.    ,  0.3665,  0.95  ]
[output] 0.14844588450280566
[input_vals] [-1.5128,  0.1152, -0.1588,  1.497 ,  1.7279,  0.    ,  0.    ,  0.3665,  0.95  ]
[output] 0.1126998572675126
[input_vals] [-1.5413, -0.0785, -0.3057,  1.4442,  1.7279,  0.    ,  0.    ,  0.3665,  0.95  ]
[output] 0.06417104158709479
[input_vals] [-1.4192, -0.0006, -0.187 ,  1.4353,  1.7279,  0.    ,  0.    ,  0.3665,  0.95  ]
[output] 0.1446525003446717
[input_vals] [-1.5046, -0.0942, -0.2108,  1.244 ,  1.7279,  0.    ,  0.    ,  0.3665,  0.95  ]
[output] 0.16112335652368684
[input_vals] [-1.4935,  0.1019, -0.2116,  1.415 ,  1.7279,  0.    ,  0.    ,  0.3665,  0.95  ]
[output] 0.08083100123879451
[input_vals] [-1.5848,  0.1131, -0.1978,  1.5187,  1.7279,  0.    ,  0.    ,  0.3665,  0.95  ]
[output] 0.06795429712517785
[input_vals] [-1.4015, -0.0545, -0.4439,  1.4657,  1.7279,  0.    ,  0.    ,  0.3665,  0.95  ]
[output] 0.20078179016515532
[input_vals] [-1.5212, -0.1984, -0.1234,  1.4783,  1.7279,  0.    ,  0.    ,  0.3665,  0.95  ]
[output] 0.144203043770592
[input_vals] [-1.5413,  0.2067, -0.0725,  1.5684,  1.7279,  0.    ,  0.    ,  0.3665,  0.95  ]
[output] 0.18353490714367923
[input_vals] [-1.6875, -0.0537, -0.2296,  1.3555,  1.7279,  0.    ,  0.    ,  0.3665,  0.95  ]
[output] 0.21624883268783524
[input_vals] [-1.4066,  0.0352, -0.227 ,  1.2415,  1.7279,  0.    ,  0.    ,  0.3665,  0.95  ]
[output] 0.049289436194075414
[input_vals] [-1.6744, -0.101 , -0.1363,  1.6813,  1.7279,  0.    ,  0.    ,  0.3665,  0.95  ]
[output] 0.09040555600867752
[input_vals] [-1.4632, -0.0817, -0.2402,  1.4113,  1.7279,  0.    ,  0.    ,  0.3665,  0.95  ]
[output] 0.07508963034747987
[input_vals] [-1.6114,  0.1539, -0.1608,  1.4931,  1.7279,  0.    ,  0.    ,  0.3665,  0.95  ]
[output] 0.06429873482776659
[input_vals] [-1.4102,  0.0597, -0.3383,  1.3331,  1.7279,  0.    ,  0.    ,  0.3665,  0.95  ]
[output] 0.11912726021444575
[input_vals] [-1.5461, -0.0877, -0.2757,  1.5114,  1.7279,  0.    ,  0.    ,  0.3665,  0.95  ]
[output] 0.06409546530484661
[input_vals] [-1.4403,  0.0492, -0.0294,  1.4235,  1.7279,  0.    ,  0.    ,  0.3665,  0.95  ]
[output] 0.11867482525311994
[input_vals] [-1.3399,  0.0997, -0.1929,  1.4351,  1.7279,  0.    ,  0.    ,  0.3665,  0.95  ]
[output] 0.3303362884008146
[input_vals] [-1.5456, -0.1033, -0.1869,  1.2695,  1.7279,  0.    ,  0.    ,  0.3665,  0.95  ]
[output] 0.1842718661545664
[input_vals] [-1.3168, -0.095 , -0.4272,  1.3758,  1.7279,  0.    ,  0.    ,  0.3665,  0.95  ]
[output] 0.21806699875422525
[input_vals] [-1.6685,  0.0251, -0.4026,  1.4986,  1.7279,  0.    ,  0.    ,  0.3665,  0.95  ]
[output] 0.10551572126233669
[input_vals] [-1.5473, -0.0397, -0.4087,  1.2512,  1.7279,  0.    ,  0.    ,  0.3665,  0.95  ]
[output] 0.139952874499717
[input_vals] [-1.4055,  0.1153, -0.3082,  1.4488,  1.7279,  0.    ,  0.    ,  0.3665,  0.95  ]
[output] 0.26675114860927407
[input_vals] [-1.4474, -0.0247, -0.2398,  1.5394,  1.7279,  0.    ,  0.    ,  0.3665,  0.95  ]
[output] 0.2182263411168243
[input_vals] [-1.6318, -0.0921, -0.1307,  1.4452,  1.7279,  0.    ,  0.    ,  0.3665,  0.95  ]
[output] 0.16261371254606466
[input_vals] [-1.31  , -0.0324, -0.3306,  1.3554,  1.7279,  0.    ,  0.    ,  0.3665,  0.95  ]
[output] 0.24196868921147804
[input_vals] [-1.5129,  0.1102, -0.2165,  1.5744,  1.7279,  0.    ,  0.    ,  0.3665,  0.95  ]
[output] 0.20108566560965696
[input_vals] [-1.7058,  0.2091, -0.2121,  1.398 ,  1.7279,  0.    ,  0.    ,  0.3665,  0.95  ]
[output] 0.14909781573081668
[input_vals] [-1.6111, -0.0666, -0.2446,  1.5587,  1.7279,  0.    ,  0.    ,  0.3665,  0.95  ]
[output] 0.0658962223093083
[input_vals] [-1.4469,  0.0524, -0.1912,  1.3944,  1.7279,  0.    ,  0.    ,  0.3665,  0.95  ]
[output] 0.08527001997391476
[input_vals] [-1.5034,  0.1885, -0.2249,  1.4836,  1.7279,  0.    ,  0.    ,  0.3665,  0.95  ]
[output] 0.18025760978408506
[input_vals] [-1.4083,  0.0261, -0.1393,  1.4692,  1.7279,  0.    ,  0.    ,  0.3665,  0.95  ]
[output] 0.20587002601787496
[input_vals] [-1.4657,  0.0318, -0.4288,  1.456 ,  1.7279,  0.    ,  0.    ,  0.3665,  0.95  ]
[output] 0.16540739661016726
[input_vals] [-1.547 , -0.0027, -0.2108,  1.4671,  1.7279,  0.    ,  0.    ,  0.3665,  0.95  ]
[output] 0.05316187841919761
[input_vals] [-1.4491, -0.0629, -0.2368,  1.4041,  1.7279,  0.    ,  0.    ,  0.3665,  0.95  ]
[output] 0.07672831602689531
[input_vals] [-1.6325,  0.0934, -0.3058,  1.2422,  1.7279,  0.    ,  0.    ,  0.3665,  0.95  ]
[output] 0.18722307560304377
[input_vals] [-1.5822, -0.0349, -0.2963,  1.3952,  1.7279,  0.    ,  0.    ,  0.3665,  0.95  ]
[output] 0.0954466596517355
[input_vals] [-1.4642, -0.1498, -0.1883,  1.345 ,  1.7279,  0.    ,  0.    ,  0.3665,  0.95  ]
[output] 0.13092937002165936
[input_vals] [-1.3308,  0.0762, -0.2406,  1.4568,  1.7279,  0.    ,  0.    ,  0.3665,  0.95  ]
[output] 0.37545281935171293
[input_vals] [-1.6107, -0.0456, -0.3865,  1.5959,  1.7279,  0.    ,  0.    ,  0.3665,  0.95  ]
[output] 0.07084072188950759
[input_vals] [-1.5388,  0.1328, -0.3363,  1.4741,  1.7279,  0.    ,  0.    ,  0.3665,  0.95  ]
[output] 0.14298435675224894
[input_vals] [-1.4919,  0.0254, -0.2234,  1.4441,  1.7279,  0.    ,  0.    ,  0.3665,  0.95  ]
[output] 0.06973181849862543
[input_vals] [-1.6391, -0.0624, -0.1076,  1.4087,  1.7279,  0.    ,  0.    ,  0.3665,  0.95  ]
[output] 0.1762920183015478
[input_vals] [-1.5527,  0.0366, -0.2815,  1.2323,  1.7279,  0.    ,  0.    ,  0.3665,  0.95  ]
[output] 0.14102364769679335
[input_vals] [-1.4565, -0.0593, -0.3663,  1.3038,  1.7279,  0.    ,  0.    ,  0.3665,  0.95  ]
[output] 0.05745974046588941
[input_vals] [-1.4618, -0.1317, -0.3329,  1.2269,  1.7279,  0.    ,  0.    ,  0.3665,  0.95  ]
[output] 0.13599025252526434
[input_vals] [-1.3775, -0.0286, -0.4087,  1.363 ,  1.7279,  0.    ,  0.    ,  0.3665,  0.95  ]
[output] 0.1430004067690692
[input_vals] [-1.5436, -0.1711, -0.3213,  1.5263,  1.7279,  0.    ,  0.    ,  0.3665,  0.95  ]
[output] 0.08089726001316563
[input_vals] [-1.5017,  0.0675, -0.2752,  1.5641,  1.7279,  0.    ,  0.    ,  0.3665,  0.95  ]
[output] 0.2008384281466666
[input_vals] [-1.4691,  0.1046, -0.2396,  1.5027,  1.7279,  0.    ,  0.    ,  0.3665,  0.95  ]
[output] 0.19619271620515927
[input_vals] [-1.5062,  0.1644, -0.2506,  1.3134,  1.7279,  0.    ,  0.    ,  0.3665,  0.95  ]
[output] 0.09295660623895788
[input_vals] [-1.4328, -0.1238, -0.2225,  1.4425,  1.7279,  0.    ,  0.    ,  0.3665,  0.95  ]
[output] 0.127130174876802
[input_vals] [-1.5577,  0.0005, -0.1996,  1.4756,  1.7279,  0.    ,  0.    ,  0.3665,  0.95  ]
[output] 0.05471921526192946
[input_vals] [-1.2763, -0.1008, -0.1958,  1.4236,  1.7279,  0.    ,  0.    ,  0.3665,  0.95  ]
[output] 0.3885046080381972
[input_vals] [-1.4344, -0.1874, -0.1731,  1.3824,  1.7279,  0.    ,  0.    ,  0.3665,  0.95  ]
[output] 0.13531721160904567
[input_vals] [-1.2751,  0.0215, -0.0461,  1.3166,  1.7279,  0.    ,  0.    ,  0.3665,  0.95  ]
[output] 0.27476824500195673
[input_vals] [-1.3178, -0.0058, -0.3321,  1.3925,  1.7279,  0.    ,  0.    ,  0.3665,  0.95  ]
[output] 0.2847934393661787
[input_vals] [-1.4419,  0.0295, -0.425 ,  1.6782,  1.7279,  0.    ,  0.    ,  0.3665,  0.95  ]
[output] 0.43580025475059403
[input_vals] [-1.3041,  0.1322, -0.3956,  1.2709,  1.7279,  0.    ,  0.    ,  0.3665,  0.95  ]
[output] 0.2716969893039256
[input_vals] [-1.5226, -0.1208, -0.3815,  1.386 ,  1.7279,  0.    ,  0.    ,  0.3665,  0.95  ]
[output] 0.07962519856993612
[input_vals] [-1.5561,  0.0492, -0.1914,  1.3921,  1.7279,  0.    ,  0.    ,  0.3665,  0.95  ]
[output] 0.06824102665838493
[input_vals] [-1.3382,  0.0147, -0.2652,  1.6774,  1.7279,  0.    ,  0.    ,  0.3665,  0.95  ]
[output] 0.6161834950143444
[input_vals] [-1.3869,  0.074 , -0.2982,  1.5727,  1.7279,  0.    ,  0.    ,  0.3665,  0.95  ]
[output] 0.42259999856147823
[input_vals] [-1.3802, -0.0691, -0.3428,  1.5294,  1.7279,  0.    ,  0.    ,  0.3665,  0.95  ]
[output] 0.31308468341143353
[input_vals] [-1.4956,  0.1014, -0.3168,  1.3903,  1.7279,  0.    ,  0.    ,  0.3665,  0.95  ]
[output] 0.10219608875024429
[input_vals] [-1.612 ,  0.0447, -0.5162,  1.4002,  1.7279,  0.    ,  0.    ,  0.3665,  0.95  ]
[output] 0.17838185456165018
[input_vals] [-1.3124, -0.0615, -0.2478,  1.2508,  1.7279,  0.    ,  0.    ,  0.3665,  0.95  ]
[output] 0.11602244793118031
[input_vals] [-1.587 ,  0.0172, -0.4631,  1.3684,  1.7279,  0.    ,  0.    ,  0.3665,  0.95  ]
[output] 0.12871395732490837
[input_vals] [-1.4514, -0.075 , -0.3829,  1.5121,  1.7279,  0.    ,  0.    ,  0.3665,  0.95  ]
[output] 0.16359082142692696
[input_vals] [-1.642 , -0.1113, -0.3469,  1.4924,  1.7279,  0.    ,  0.    ,  0.3665,  0.95  ]
[output] 0.10661961108665494
[input_vals] [-1.4927, -0.07  , -0.3047,  1.2526,  1.7279,  0.    ,  0.    ,  0.3665,  0.95  ]
[output] 0.11845949133179286
[input_vals] [-1.4732,  0.2344, -0.4358,  1.3455,  1.7279,  0.    ,  0.    ,  0.3665,  0.95  ]
[output] 0.2752782551852502
[input_vals] [-1.4802,  0.0124, -0.2987,  1.3302,  1.7279,  0.    ,  0.    ,  0.3665,  0.95  ]
[output] 0.051424674379989266
[input_vals] [-1.5043,  0.0152, -0.2885,  1.4352,  1.7279,  0.    ,  0.    ,  0.3665,  0.95  ]
[output] 0.061953240086796195
[input_vals] [-1.5753, -0.102 , -0.2037,  1.3533,  1.7279,  0.    ,  0.    ,  0.3665,  0.95  ]
[output] 0.1598620764368646
[input_vals] [-1.6364,  0.1143, -0.4013,  1.4066,  1.7279,  0.    ,  0.    ,  0.3665,  0.95  ]
[output] 0.14141173818434347
[input_vals] [-1.5477,  0.0815, -0.3656,  1.4435,  1.7279,  0.    ,  0.    ,  0.3665,  0.95  ]
[output] 0.10365737479055116
[input_vals] [-1.3633,  0.1094, -0.3182,  1.3632,  1.7279,  0.    ,  0.    ,  0.3665,  0.95  ]
[output] 0.23948311599777486
[input_vals] [-1.4657,  0.0402, -0.2294,  1.4541,  1.7279,  0.    ,  0.    ,  0.3665,  0.95  ]
[output] 0.11454860315069014
[input_vals] [-1.3443,  0.1376, -0.2482,  1.3105,  1.7279,  0.    ,  0.    ,  0.3665,  0.95  ]
[output] 0.21494934311927902
[input_vals] [-1.681 , -0.0437, -0.1458,  1.5162,  1.7279,  0.    ,  0.    ,  0.3665,  0.95  ]
[output] 0.13752251462870102
[input_vals] [-1.4166, -0.0698, -0.0645,  1.3724,  1.7279,  0.    ,  0.    ,  0.3665,  0.95  ]
[output] 0.1110270004207746
[input_vals] [-1.4027,  0.0379, -0.2266,  1.5624,  1.7279,  0.    ,  0.    ,  0.3665,  0.95  ]
[output] 0.3522486636867278
[input_vals] [-1.4577,  0.0158, -0.3287,  1.3998,  1.7279,  0.    ,  0.    ,  0.3665,  0.95  ]
[output] 0.08907258168669413
[input_vals] [-1.544 , -0.1593, -0.2747,  1.4117,  1.7279,  0.    ,  0.    ,  0.3665,  0.95  ]
[output] 0.12586220095451423
[input_vals] [-1.5703, -0.0794, -0.1336,  1.3372,  1.7279,  0.    ,  0.    ,  0.3665,  0.95  ]
[output] 0.16787240365093611
[input_vals] [-1.5639,  0.0558, -0.3253,  1.6556,  1.7279,  0.    ,  0.    ,  0.3665,  0.95  ]
[output] 0.21130869669848945
[input_vals] [-1.4823, -0.1416, -0.1164,  1.5458,  1.7279,  0.    ,  0.    ,  0.3665,  0.95  ]
[output] 0.16677373975528342
[input_vals] [-1.5384, -0.0079, -0.2335,  1.4778,  1.7279,  0.    ,  0.    ,  0.3665,  0.95  ]
[output] 0.05247762252696482
[input_vals] [-1.3448, -0.0518, -0.1414,  1.347 ,  1.7279,  0.    ,  0.    ,  0.3665,  0.95  ]
[output] 0.16373172217545212
[input_vals] [-1.383 ,  0.0401, -0.3634,  1.416 ,  1.7279,  0.    ,  0.    ,  0.3665,  0.95  ]
[output] 0.22569901193181763
[input_vals] [-1.5403, -0.05  , -0.3135,  1.3605,  1.7279,  0.    ,  0.    ,  0.3665,  0.95  ]
[output] 0.08617956969984147
[input_vals] [-1.6829, -0.1411, -0.2662,  1.3679,  1.7279,  0.    ,  0.    ,  0.3665,  0.95  ]
[output] 0.231180102369782
[input_vals] [-1.4046, -0.0064, -0.2056,  1.3801,  1.7279,  0.    ,  0.    ,  0.3665,  0.95  ]
[output] 0.1110977609842122
[input_vals] [-1.4411,  0.0989, -0.2542,  1.1149,  1.7279,  0.    ,  0.    ,  0.3665,  0.95  ]
[output] 0.10282543916011268
[input_vals] [-1.5117,  0.132 , -0.2455,  1.4294,  1.7279,  0.    ,  0.    ,  0.3665,  0.95  ]
[output] 0.10243982547821967
[input_vals] [-1.3424,  0.1978, -0.1377,  1.4059,  1.7279,  0.    ,  0.    ,  0.3665,  0.95  ]
[output] 0.33549434713884274
[input_vals] [-1.4248,  0.008 , -0.116 ,  1.4945,  1.7279,  0.    ,  0.    ,  0.3665,  0.95  ]
[output] 0.20268425018705052
[input_vals] [-1.5605, -0.1192, -0.2932,  1.3037,  1.7279,  0.    ,  0.    ,  0.3665,  0.95  ]
[output] 0.1644505266761954
[input_vals] [-1.4999,  0.0658, -0.379 ,  1.5494,  1.7279,  0.    ,  0.    ,  0.3665,  0.95  ]
[output] 0.21294578570710013
[input_vals] [-1.5667,  0.038 , -0.1329,  1.5626,  1.7279,  0.    ,  0.    ,  0.3665,  0.95  ]
[output] 0.0725806815354884
[input_vals] [-1.615 , -0.003 , -0.0372,  1.2424,  1.7279,  0.    ,  0.    ,  0.3665,  0.95  ]
[output] 0.2218760760503879
[input_vals] [-1.68  , -0.0675, -0.2402,  1.5653,  1.7279,  0.    ,  0.    ,  0.3665,  0.95  ]
[output] 0.10111303348886774
[input_vals] [-1.5114,  0.0625, -0.1102,  1.434 ,  1.7279,  0.    ,  0.    ,  0.3665,  0.95  ]
[output] 0.0544326169742558
[input_vals] [-1.4027, -0.0626, -0.2477,  1.3631,  1.7279,  0.    ,  0.    ,  0.3665,  0.95  ]
[output] 0.09368739005851708
[input_vals] [-1.431 , -0.1346, -0.3647,  1.3997,  1.7279,  0.    ,  0.    ,  0.3665,  0.95  ]
[output] 0.07827258162146086
[input_vals] [-1.3956, -0.0888, -0.117 ,  1.5263,  1.7279,  0.    ,  0.    ,  0.3665,  0.95  ]
[output] 0.2867497933066161
[input_vals] [-1.419 ,  0.0542, -0.3112,  1.5993,  1.7279,  0.    ,  0.    ,  0.3665,  0.95  ]
[output] 0.38686849142512075
[input_vals] [-1.6127,  0.0247, -0.0805,  1.4106,  1.7279,  0.    ,  0.    ,  0.3665,  0.95  ]
[output] 0.12619451453056088
[input_vals] [-1.621 ,  0.0128, -0.153 ,  1.3835,  1.7279,  0.    ,  0.    ,  0.3665,  0.95  ]
[output] 0.13918064798707802
[input_vals] [-1.5972,  0.0317, -0.1377,  1.4251,  1.7279,  0.    ,  0.    ,  0.3665,  0.95  ]
[output] 0.09560556934094894
[input_vals] [-1.4327, -0.0572, -0.1832,  1.5602,  1.7279,  0.    ,  0.    ,  0.3665,  0.95  ]
[output] 0.26005821219939884
[input_vals] [-1.4257,  0.0658, -0.3686,  1.4517,  1.7279,  0.    ,  0.    ,  0.3665,  0.95  ]
[output] 0.21701363540589627
[input_vals] [-1.4608, -0.1895, -0.3945,  1.4484,  1.7279,  0.    ,  0.    ,  0.3665,  0.95  ]
[output] 0.08049892669390928
[input_vals] [-1.3694,  0.086 , -0.3069,  1.4879,  1.7279,  0.    ,  0.    ,  0.3665,  0.95  ]
[output] 0.35669046124766346
[input_vals] [-1.5013, -0.0358, -0.2673,  1.5449,  1.7279,  0.    ,  0.    ,  0.3665,  0.95  ]
[output] 0.13342620250129253
[input_vals] [-1.572 , -0.068 , -0.2033,  1.5037,  1.7279,  0.    ,  0.    ,  0.3665,  0.95  ]
[output] 0.07743533187801574
[input_vals] [-1.3532,  0.0126, -0.292 ,  1.5367,  1.7279,  0.    ,  0.    ,  0.3665,  0.95  ]
[output] 0.4103344335411943
[input_vals] [-1.5743, -0.0408, -0.238 ,  1.6035,  1.7279,  0.    ,  0.    ,  0.3665,  0.95  ]
[output] 0.08836607009041608
[input_vals] [-1.3167, -0.0088, -0.2709,  1.3798,  1.7279,  0.    ,  0.    ,  0.3665,  0.95  ]
[output] 0.26922681968316164
[input_vals] [-1.7631, -0.0339, -0.3843,  1.2383,  1.7279,  0.    ,  0.    ,  0.3665,  0.95  ]
[output] 0.30729775750671606
[input_vals] [-1.5585,  0.133 , -0.1925,  1.3999,  1.7279,  0.    ,  0.    ,  0.3665,  0.95  ]
[output] 0.0650968640567353
[input_vals] [-1.4731, -0.0667, -0.2393,  1.3282,  1.7279,  0.    ,  0.    ,  0.3665,  0.95  ]
[output] 0.08489728506415022
[input_vals] [-1.4472, -0.1261, -0.315 ,  1.4801,  1.7279,  0.    ,  0.    ,  0.3665,  0.95  ]
[output] 0.12921609359213923
[input_vals] [-1.5907, -0.0676, -0.4005,  1.4815,  1.7279,  0.    ,  0.    ,  0.3665,  0.95  ]
[output] 0.06301993502450762
[input_vals] [-1.4698,  0.0962, -0.2205,  1.3789,  1.7279,  0.    ,  0.    ,  0.3665,  0.95  ]
[output] 0.07971440237913234
[input_vals] [-1.4684,  0.0958, -0.4816,  1.5104,  1.7279,  0.    ,  0.    ,  0.3665,  0.95  ]
[output] 0.29376423957121733
[input_vals] [-1.5751,  0.1106, -0.2718,  1.4565,  1.7279,  0.    ,  0.    ,  0.3665,  0.95  ]
[output] 0.07469199070090485
[input_vals] [-1.4593, -0.2056, -0.3085,  1.4201,  1.7279,  0.    ,  0.    ,  0.3665,  0.95  ]
[output] 0.10756207138085082
[input_vals] [-1.5331,  0.0559, -0.2036,  1.2722,  1.7279,  0.    ,  0.    ,  0.3665,  0.95  ]
[output] 0.10671733022173584
[input_vals] [-1.5304, -0.0116, -0.2902,  1.2297,  1.7279,  0.    ,  0.    ,  0.3665,  0.95  ]
[output] 0.13816037199682094
[input_vals] [-1.5074,  0.1163, -0.2949,  1.3478,  1.7279,  0.    ,  0.    ,  0.3665,  0.95  ]
[output] 0.0851277117046097
[input_vals] [-1.5771,  0.0115, -0.2798,  1.2888,  1.7279,  0.    ,  0.    ,  0.3665,  0.95  ]
[output] 0.1372097909318799
[input_vals] [-1.7227, -0.0303, -0.3417,  1.1489,  1.7279,  0.    ,  0.    ,  0.3665,  0.95  ]
[output] 0.31559303744391215
[input_vals] [-1.5266, -0.039 , -0.4229,  1.3658,  1.7279,  0.    ,  0.    ,  0.3665,  0.95  ]
[output] 0.07218004398008651
[input_vals] [-1.432 , -0.0488, -0.3469,  1.2878,  1.7279,  0.    ,  0.    ,  0.3665,  0.95  ]
[output] 0.052502900477126475
[input_vals] [-1.4572, -0.0525, -0.3586,  1.3306,  1.7279,  0.    ,  0.    ,  0.3665,  0.95  ]
[output] 0.05082004811366999
[input_vals] [-1.5102,  0.0003, -0.2326,  1.4462,  1.7279,  0.    ,  0.    ,  0.3665,  0.95  ]
[output] 0.054615782819257795
[input_vals] [-1.3261, -0.0062, -0.4181,  1.3305,  1.7279,  0.    ,  0.    ,  0.3665,  0.95  ]
[output] 0.19868265548409703
[input_vals] [-1.376 , -0.0995, -0.1289,  1.3988,  1.7279,  0.    ,  0.    ,  0.3665,  0.95  ]
[output] 0.17169156611727832
[input_vals] [-1.5185, -0.1884, -0.3339,  1.304 ,  1.7279,  0.    ,  0.    ,  0.3665,  0.95  ]
[output] 0.16189739040902817
[input_vals] [-1.4356, -0.154 , -0.3702,  1.5521,  1.7279,  0.    ,  0.    ,  0.3665,  0.95  ]
[output] 0.21366919065834195
[input_vals] [-1.3629,  0.0373, -0.3261,  1.4511,  1.7279,  0.    ,  0.    ,  0.3665,  0.95  ]
[output] 0.29618815369320145
[input_vals] [-1.4554, -0.0577, -0.2469,  1.3165,  1.7279,  0.    ,  0.    ,  0.3665,  0.95  ]
[output] 0.07452138186134577
